emp_no,last_name,first_name,dept_name
10001,Facello,Georgi,Development
10018,Peha,Kazuhide,Development
10053,Zschoche,Sanjiv,Sales
10066,Schusler,Kwee,Development
10070,Garigliano,Reuven,Development
10072,Sidou,Hironoby,Development
10076,Ritzmann,Erez,Development
10088,Syrzycki,Jungsoon,Sales
10103,Birch,Akemi,Development
10116,Czap,Dayanand,Development
10129,Peir,Armond,Development
10134,Siprelle,Diederik,Development
10149,Perry,Xiadong,Sales
10150,Perng,Zhenbing,Development
10153,Majewski,Heekeun,Development
10157,Aloisi,Nigel,Development
10198,Furedi,Pranav,Development
10215,Duclos,Xiaobin,Sales
10258,Ishibashi,Basil,Development
10283,Birjandi,Kauko,Development
10302,Baer,Faiza,Sales
10305,Piancastelli,Hirochika,Development
10327,Facello,Roded,Development
10355,Cochrane,Satyanarayana,Sales
10395,Deverell,Takahiro,Development
10396,Rahier,Sibyl,Development
10404,Rosti,Prodip,Development
10426,Luce,Arunas,Development
10429,Improta,Martien,Development
10442,Unno,Volkmar,Sales
10463,Zaiane,Ung,Sales
10504,Varker,Xiong,Sales
10519,Alencar,Yonghoan,Development
10538,Falby,Przemyslawa,Development
10541,Eiter,Godehard,Sales
10548,Gunderson,Ramalingam,Sales
10623,Danlos,Aleksander,Development
10628,Krogh,Krisda,Development
10629,Francisci,Lalit,Sales
10631,Chaudhuri,Inderjeet,Development
10642,Narlikar,Hirochika,Development
10653,Feinberg,Otmar,Development
10676,Danley,Valeri,Development
10702,Szemeredi,Bader,Development
10718,Rullman,Adib,Development
10726,Minakawa,Zita,Development
10751,Ushiama,Jordanka,Development
10767,Doering,Monique,Sales
10791,Sgarro,Tadahiko,Development
10795,Naudin,Supot,Sales
10808,Leijenhorst,Chenxi,Development
10836,Leivant,Jianhua,Sales
10844,Koprowski,Dipayan,Development
10878,Deville,Lakshmi,Sales
10879,Chleq,Muzhong,Development
10895,Petersohn,Vishwani,Sales
10909,Atchley,Georgi,Development
10924,Atchley,Hironoby,Sales
10943,Skafidas,Berna,Development
10965,Braunschweig,Eckart,Sales
10969,Noriega,Premal,Development
10974,Papsdorf,Muneo,Development
10986,Schiper,Masako,Development
10988,Deyuan,Chinya,Development
10990,Foote,Shin,Development
11009,Axelband,Alper,Sales
11019,Huttel,Leon,Development
11042,Breugel,Gou,Development
11048,Demke,Jaques,Sales
11106,Iwayama,Aris,Development
11121,Kakkad,Vugranam,Development
11137,Luca,Hugh,Development
11146,Masand,Ishfaq,Sales
11162,Narlikar,Kauko,Development
11180,Bojadziev,Mitsuyuki,Development
11197,Fordan,Tadahiro,Sales
11207,Gips,Saeed,Development
11240,Condotta,Kiam,Development
11249,Cyre,Randi,Development
11275,Eppinger,Hitomi,Development
11290,Dredge,Visit,Development
11291,Glowinski,Gino,Development
11319,Marrakchi,Pranas,Development
11338,Hanratty,Kwangsub,Sales
11347,Jonsson,Anneli,Development
11380,Pelc,Kenroku,Development
11404,Borovoy,Bedrich,Development
11441,Aingworth,Marlo,Sales
11506,Picel,Rance,Sales
11509,Feldhoffer,Aleksander,Development
11515,Basawa,Ulf,Sales
11524,Standera,Xiadong,Development
11537,Pehl,DAIDA,Sales
11567,Mitzlaff,Teiji,Sales
11568,Fujisaki,Martins,Development
11615,Isaak,Shem,Sales
11628,Malinowski,Fan,Development
11640,Coorg,Valeri,Development
11647,Nitsche,Magy,Development
11660,Stenning,Gill,Sales
11696,Rothe,Dante,Sales
11746,Marrakchi,Koichi,Sales
11747,Kossowski,Aksel,Sales
11769,Lampe,Chandrasekaran,Development
11772,Penz,Gaurav,Development
11797,Thambidurai,Chenxi,Sales
11805,Grandbois,Rosine,Development
11810,Bhattacharjee,Amabile,Development
11813,Muhlberg,Gita,Sales
11817,Markovitch,Niranjan,Sales
11832,Zlotek,Arto,Development
11838,Nitta,Taiji,Sales
11844,Demeyer,Shawna,Development
11857,Farrag,Divier,Sales
11871,Sommen,Nalini,Development
11894,Validov,Mitchel,Development
11897,Setlzner,Cordelia,Sales
11906,Boguraev,Hideo,Development
11933,Erman,Basil,Development
11983,Hedayat,Jaana,Development
11988,Chinin,Chinya,Development
12011,Coorg,Zhilian,Sales
12033,Serot,Visit,Development
12036,Ratzlaff,Mads,Sales
12052,Khasidashvili,Masako,Development
12069,Burnard,Ayonca,Development
12070,Shokrollahi,Ger,Development
12076,Siprelle,Karlis,Sales
12082,Yamaashi,Xinan,Sales
12087,Jumpertz,Weijing,Development
12099,Kuzuoka,Nobuyoshi,Sales
12125,Erman,Shounak,Development
12128,Barreiro,Yannik,Sales
12149,Grandbois,Suebskul,Sales
12159,Perly,Shem,Development
12165,Maquelin,Xiaobin,Development
12205,Rossi,Sushant,Development
12206,Janetzko,Barton,Development
12221,Melter,Vincent,Development
12247,Penttonen,Subbu,Development
12249,Sadowski,Eldridge,Development
12264,Pagter,Mart,Development
12274,Papadias,Garnik,Development
12276,Lenart,Yongmin,Development
12311,Lubachevsky,Susanne,Development
12327,Bruckman,DAIDA,Development
12341,Luga,Rasiah,Development
12373,Driscoll,Mooi,Sales
12399,Luga,Mihalis,Sales
12411,Ibel,Shao,Sales
12415,Sluis,Uri,Sales
12451,Marzano,Pramod,Development
12454,Farris,Kerryn,Sales
12464,Milicic,Shai,Sales
12475,Roison,Filipe,Development
12478,Hopewell,Yahiko,Sales
12489,Munck,Arnould,Development
12490,Muchinsky,Jackson,Development
12493,Menhardt,Filipp,Development
12497,Penz,Stein,Sales
12514,Melter,Tomofumi,Development
12541,Nanard,Shih,Sales
12589,Chleq,Anoosh,Development
12601,Simkin,Ghassan,Development
12638,Seiwald,Yuqun,Development
12651,Bael,Pragnesh,Sales
12662,Alvarado,Leucio,Development
12663,Stellhorn,Nobuyoshi,Development
12664,Parveen,Zhonghua,Sales
12678,Borovoy,Carrsten,Development
12689,Boudaillier,Luerbio,Development
12709,Botman,Ronghao,Development
12726,Panwar,Fumitake,Development
12730,Perl,Barry,Development
12732,Takanami,Mara,Sales
12734,Frijda,Gil,Development
12759,Kuszyk,LiMin,Sales
12773,Lovengreen,Jenwei,Development
12790,Perl,Gunilla,Sales
12798,Beeson,Lillian,Sales
12803,Boissier,Gad,Sales
12848,Smeets,Kazuhide,Development
12872,Schmittgen,Marl,Sales
12876,Goodrum,Apostol,Development
12879,Eugenio,Baruch,Development
12890,Casley,Neven,Sales
12893,Crouzet,Licheng,Sales
12905,Gecsei,Munehiro,Development
12922,Porenta,Jacqueline,Sales
12940,Farrar,Odinaldo,Development
12941,Perelgut,Tommaso,Development
12949,Asrin,Geoff,Development
12951,Keirsey,Mohammad,Sales
12974,Frolund,Gift,Sales
12977,Markovitch,Byong,Development
13012,Harbusch,Florina,Development
13047,Chelton,Atilio,Development
13062,Baak,Xinglin,Development
13075,Morrin,Rosella,Sales
13076,Skafidas,Deniz,Development
13103,Ellozy,Srinidhi,Development
13124,Garnick,Quingbo,Sales
13146,Erie,Haldon,Sales
13147,Ginesta,Shichao,Sales
13156,Millington,Akeel,Development
13173,Horswill,Arve,Sales
13179,Janocha,Moty,Sales
13186,Barbanera,Kyoichi,Sales
13192,Flowers,Rosita,Development
13210,Klassen,Jianhua,Sales
13213,Billawala,Hein,Sales
13232,Fujisaki,Mitchel,Development
13233,Chvatal,Alselm,Development
13238,Foote,Ebru,Sales
13240,Pileggi,King,Development
13243,Huxford,Fay,Sales
13291,Stamatiou,Georg,Development
13302,Alencar,Mack,Development
13305,Herath,Bikash,Sales
13315,Stroustrup,Sakthirel,Development
13333,Hennebert,Yoshinari,Development
13386,Sgarro,Khosrow,Development
13392,Beidas,Fumitake,Sales
13402,Dulli,Augustine,Development
13405,Baba,Randy,Sales
13493,Jullig,Uinam,Development
13504,Mandell,Parto,Development
13524,Porotnikoff,Chaoyi,Sales
13549,Koprowski,Matk,Development
13560,Jeong,Sibyl,Development
13576,Engberts,Jungsoon,Development
13605,Encarnacion,Dmitry,Sales
13621,Haddadi,Fei,Development
13629,Trelles,Dzung,Development
13651,Plesums,Stamatina,Development
13670,Takanami,Moti,Development
13680,Speer,Denny,Sales
13684,Christ,Elvia,Sales
13685,Hockney,Weicheng,Development
13697,Weedon,Shuichi,Development
13721,Delgrossi,Sugwoo,Sales
13738,Mitchem,Bangqing,Development
13747,Capobianchi,Masaru,Sales
13769,Trogemann,Yakichi,Sales
13775,Maierhofer,Arve,Sales
13786,Berendt,Takushi,Sales
13796,Thorelli,Paloma,Development
13801,Mayerwieser,Shih,Sales
13859,Fujisawa,Anoosh,Development
13883,Barreiro,Kwangyoen,Development
13904,Cairo,Youngkon,Development
13916,Wynblatt,Vidya,Sales
13930,Chartres,Sukumar,Sales
13934,Bratsberg,Shiv,Development
13942,Esteva,Elzbieta,Development
13951,Genther,Mooi,Sales
13969,Chandrasekhar,Jianwen,Development
13986,Ramsey,Geraldo,Sales
13990,Schapiro,Deborah,Development
14005,Stellhorn,Vojin,Development
14113,Herber,Along,Development
14139,Conry,Sachin,Development
14191,Luby,Jiann,Development
14197,Chachaty,Adin,Sales
14232,Bojadziev,Masali,Development
14275,Aseltine,Tristan,Sales
14287,Highland,Masali,Development
14310,Leuchs,Marlo,Sales
14322,Kakkad,Shem,Development
14345,Ramsey,Barry,Development
14354,Bojadziev,Mong,Sales
14372,Srimani,Saniya,Development
14380,Heemskerk,Shigeu,Development
14384,Holburn,Tomofumi,Development
14434,Maginnis,Elvis,Development
14478,Boissier,Munehiro,Sales
14483,Marrevee,Supot,Development
14513,Barreiro,Samphel,Sales
14514,Denny,Fay,Development
14516,Underwood,Kristian,Sales
14533,Borovoy,Kensei,Development
14552,Snyers,Ibibia,Development
14560,Driscoll,Elrique,Development
14581,Condotta,Gao,Development
14582,Morrin,Kiyokazu,Development
14603,Marquardt,Lech,Development
14607,Selvestrel,Suzette,Sales
14621,Wixon,Souichi,Sales
14639,Hempstead,Arvind,Sales
14640,Kornatzky,Toshimori,Development
14642,Kuhnemann,Florian,Development
14645,Glinert,Laurentiu,Development
14648,Lorys,IEEE,Sales
14690,Bellone,Yechezkel,Development
14713,Ballarin,Terresa,Development
14793,Uchoa,Stein,Development
14817,Masaki,Gaurav,Development
14821,Kilgore,Oguz,Development
14839,Cronin,Changho,Development
14853,Nergos,Taiji,Development
14865,Serra,Ute,Sales
14871,Kaiserswerth,Arnd,Sales
14877,Meriste,Arto,Development
14879,Sigstam,Anyuan,Development
14888,Barriga,Temple,Sales
14899,Casley,Alejandro,Sales
14908,Flanders,Kerhong,Development
14909,Kamble,Mohan,Development
14914,Benzaken,Gretta,Development
14923,Gyorkos,Shuzo,Development
14941,Lichtner,Nathan,Development
14954,Magliocco,Fox,Development
14955,Kalefeld,Boguslaw,Development
14966,Underwood,Zhanqiu,Sales
14987,Demeyer,Tiina,Development
14993,Koblitz,Sanjay,Development
15030,Nourani,Rasikan,Sales
15036,Delgrande,Ziva,Development
15066,Oaver,Tomokazu,Development
15071,Couchot,Ayonca,Sales
15082,Zirintsis,Guadalupe,Development
15089,Coney,Giri,Development
15105,Itzigehl,Sudhanshu,Sales
15113,Giaccio,Zhiguo,Sales
15114,Honglei,Pantung,Development
15133,Malinowski,Kagan,Development
15134,Luiz,Arun,Sales
15151,Pouyioutas,Urs,Sales
15176,Sankaranarayanan,Charlene,Sales
15193,Schach,Neelam,Development
15196,Duclos,Souichi,Development
15202,Irland,Pranay,Development
15205,Rodiger,Cheong,Development
15230,Suessmith,Keiichiro,Development
15234,Zhiwei,Jouko,Development
15237,Sadowsky,Reinhard,Development
15271,Bernardeschi,Shiv,Sales
15292,Lammel,Miyeon,Sales
15329,Openshaw,Fan,Development
15330,Chinal,Jaroslava,Sales
15334,Kuzuoka,Luerbio,Development
15365,Schiettecatte,Mikhail,Development
15369,Penttonen,Premal,Sales
15370,Nilsson,Chuanyi,Development
15372,Broder,Nahum,Sales
15377,Aumann,Shugo,Development
15382,Siegrist,Alassane,Sales
15392,Markovitch,Pradeep,Development
15410,Kushner,Wilmer,Sales
15412,Thiria,Huai,Development
15452,Weedman,Kazuhira,Development
15454,Cesareni,Hongzue,Sales
15474,Plumb,Gilbert,Sales
15480,Trogemann,Kwok,Development
15504,Alpin,Kasturi,Development
15510,Sethi,Inderjeet,Development
15511,Kowalchuk,George,Sales
15518,Valtorta,Uno,Development
15525,Cherinka,Masadi,Development
15539,Spieker,Shigeichiro,Sales
15545,Suri,Masadi,Development
15548,Caine,Sanjai,Development
15566,Azuma,Baoqiu,Sales
15601,Anily,Carrsten,Sales
15623,Falby,Vishu,Development
15641,Roisin,Jaana,Sales
15666,Rothenberg,Pintsang,Development
15703,Hanratty,Chenye,Development
15708,Kushnir,Reuven,Sales
15715,Ibel,Insup,Sales
15739,Bahr,Poorav,Development
15740,Pocchiola,Stepehn,Sales
15765,Taubenfeld,Tonny,Development
15799,Gelosh,Manton,Sales
15819,Rajcani,Magdalena,Sales
15821,Antonakopoulos,Aleksander,Development
15876,Vakili,Munehiro,Development
15889,Azumi,Sasan,Development
15912,Cichocki,Piyawadee,Sales
15920,Laurillard,Sanjit,Development
15938,Covnot,Garnik,Sales
15948,Versino,Karoline,Development
15971,Aloia,Arumugam,Development
15993,Peir,Yoshimitsu,Development
16019,Heystek,Chaoyi,Development
16025,Luce,Doowon,Development
16052,Rodham,Maria,Development
16066,Penn,Marsha,Sales
16076,Ebeling,Marko,Development
16077,Heemskerk,Kannan,Development
16086,Denos,Mohammad,Development
16094,Rosar,Berto,Development
16105,Tetzlaff,Alper,Sales
16130,Belinskaya,Kerryn,Development
16134,Chaudhuri,Annemarie,Development
16146,Meriste,Cathie,Development
16185,Winter,Marin,Development
16201,Olano,Krassimir,Development
16212,Glinert,Izaskun,Development
16222,Thummel,Shaz,Development
16233,Baba,Sushant,Sales
16237,Leaver,Slavian,Development
16266,Sethi,Mikhail,Sales
16272,Zeleznik,Shuho,Development
16331,Garnham,Giap,Sales
16355,Luca,Nikolaos,Sales
16364,Gini,Yifei,Sales
16373,Aseltine,Narain,Sales
16396,Yoshimura,Guangming,Sales
16398,Krzyzanowski,Limsoon,Sales
16399,Collette,Apostol,Sales
16446,Chinin,Jouko,Sales
16447,Savasere,Zhiguo,Development
16448,Zwicker,Tsvetan,Development
16487,Yemenis,Arunas,Sales
16490,Thiria,Muzhong,Sales
16500,Servieres,Elvis,Sales
16504,Cromarty,Mong,Development
16537,Seiwald,Weidon,Development
16546,Lanphier,Sangeeta,Development
16551,Ranon,Sadegh,Development
16556,Hiltgen,Mostafa,Development
16557,Majewski,Fan,Development
16607,Honglei,Vishwani,Sales
16608,Greibach,Boguslaw,Development
16619,Boguraev,Arvind,Development
16672,Peris,Georgi,Sales
16674,Takanami,Duke,Development
16679,Cummings,Domenick,Development
16716,Zumaque,Ramachenga,Development
16731,Versino,Domenico,Development
16759,Masaki,Vojin,Development
16799,Bamford,Shigeichiro,Development
16801,Strooper,Gila,Development
16803,Rohrbach,Ziva,Development
16806,Dayana,Sreekrishna,Sales
16808,Katiyar,Kiyokazu,Sales
16858,Gustavson,Akeno,Sales
16875,Radhakrishnan,Nikolaos,Development
16885,Stentiford,Ronghao,Sales
16910,Botman,Kazunori,Development
16921,Yeung,Evgueni,Sales
16969,Braccini,Sanjit,Development
16993,Dahlbom,Hongzue,Sales
16996,Millington,Shigenori,Sales
17012,Petereit,Valdiodio,Development
17018,Tasistro,Berhard,Development
17046,Kornyak,Fay,Development
17055,Wixon,Marin,Development
17063,Thiran,Anoosh,Sales
17066,Ruther,Heping,Development
17068,Gopalakrishnan,Bodh,Development
17089,Erman,Rafail,Sales
17097,Berztiss,Cathie,Development
17098,Gelosh,Xuedong,Development
17101,Compeau,Sandeepan,Development
17102,Garnick,Radhika,Sales
17103,Feldmann,Takahiro,Development
17112,Vickson,Yuguang,Development
17140,Schwabacher,Mabhin,Development
17146,Barbanera,Aemilian,Sales
17159,Mitchem,Quingbo,Development
17163,Papsdorf,Yurii,Development
17185,Wilfing,Danai,Sales
17222,Muchinsky,Leen,Development
17235,Rissanen,Ronnie,Development
17245,Milicia,Neven,Sales
17260,Famili,Abdulah,Development
17275,Danlos,Shmuel,Sales
17277,Hopewell,Arnd,Development
17293,Alpin,Demin,Development
17322,Fordan,Candida,Development
17326,Ramsay,Arumugam,Development
17329,Tyugu,Shaunak,Development
17339,Mullainathan,Fan,Development
17352,Katiyar,Muneo,Sales
17355,Weisert,Mingzeng,Development
17361,Griswold,Macha,Development
17436,Munawer,Chirstian,Sales
17448,Belinskaya,Makato,Development
17468,Irland,Abdelghani,Sales
17487,Staudhammer,Gully,Development
17512,Hofmeyr,Frederique,Development
17520,Keohane,Shahab,Development
17539,Uhrik,Cathie,Development
17559,Papastamatiou,Annemarie,Development
17573,Deverell,Berthier,Sales
17582,Spieker,Kauko,Development
17589,Denti,Xuejia,Development
17625,Mandelberg,Prodip,Development
17629,Winter,Mostafa,Sales
17647,Swab,Vasilis,Sales
17674,Braccini,Adib,Development
17677,Ramalingam,Mingdong,Development
17681,Schauser,Eran,Sales
17683,Henders,Bernt,Sales
17695,Chvatal,Kazuhiro,Sales
17699,Heping,Radhia,Development
17702,Passafiume,Mantis,Development
17711,Katiyar,Owen,Development
17745,Schreiter,Hatem,Development
17791,Stifter,Matt,Sales
17796,Impagliazzo,Alejandro,Sales
17815,Wissmann,Shuji,Development
17834,Fiutem,Zhilian,Development
17840,Sherertz,Tonny,Development
17869,Prochazka,Xiaocheng,Development
17874,Minakawa,Rutger,Sales
17891,Luiz,Isaac,Development
17900,Belinskaya,Sakthirel,Development
17916,Morrin,Sukumar,Development
17968,Murillo,Susanna,Development
17973,Beidas,Sanjit,Development
17986,Angelopoulos,Oguz,Sales
18006,Hanabata,Vidya,Sales
18013,Shanbhogue,Jiong,Development
18016,Kaminger,Somnath,Sales
18018,Schrooten,Sasan,Sales
18024,Casperson,Uzi,Sales
18061,Taubman,Francesca,Development
18065,Wroclawski,Chriss,Sales
18068,Lorie,Geoff,Development
18080,Rosar,Satyanarayana,Development
18086,Szmurlo,Brewster,Sales
18099,Fendler,Kazuhiko,Development
18108,Genin,Sanjai,Sales
18134,Pesch,Ult,Development
18138,Baezner,Moni,Development
18210,Radhakrishnan,Mabo,Development
18250,Orlowski,Godehard,Development
18261,Baak,Shridhar,Development
18274,Karnin,Yefim,Sales
18297,Nastansky,Guther,Sales
18310,Dalton,Ioana,Development
18316,Msuda,Hongzue,Development
18323,Tiemann,Oddvar,Development
18362,Wolniewicz,Pohua,Development
18369,Backhouse,Pintsang,Sales
18382,Mattern,Remko,Development
18401,Itzfeldt,Vidya,Sales
18407,Luit,Marsja,Sales
18435,Covnot,Basim,Sales
18443,Swick,Florina,Sales
18448,Bazelow,Rosine,Development
18454,Anido,Eric,Sales
18468,Cunliffe,Kirk,Development
18492,Brickell,Turgut,Sales
18511,Marzano,Pascal,Development
18542,Anido,Tiina,Development
18571,Flowers,Xinglin,Development
18581,Ranai,Mitsuyuki,Sales
18612,Sevcikova,Nevin,Sales
18664,Akaboshi,Itzchak,Sales
18666,Baja,Hitofumi,Development
18671,Nastansky,Shan,Development
18673,Orlowski,Ohad,Development
18679,Lambe,Roded,Sales
18701,Ratnakar,Mori,Sales
18706,Schicker,Debaprosad,Sales
18723,Baumann,Yechezkel,Development
18725,Marchegay,Cullen,Sales
18728,Luft,Tzvetan,Development
18769,Luit,Kirk,Development
18771,Haraldson,Domenick,Sales
18775,Akazan,Shay,Development
18782,Pepe,Fan,Development
18786,Veevers,Guozhong,Development
18789,Domenig,Reinhold,Sales
18790,Rahier,Florina,Development
18809,Munoz,Laurentiu,Sales
18832,DiGiano,Pasqua,Development
18833,Majewski,Roded,Development
18835,Lieblein,Uwe,Development
18865,Beutelspacher,Roselyn,Development
18888,Stassinopoulos,Sajjan,Development
18892,Matzat,Kamakshi,Sales
18921,Radwan,Maren,Development
18927,Msuda,Muneo,Development
18933,Panienski,Barun,Development
18980,Kawashimo,Weiye,Development
18994,Mitsuhashi,Leszek,Sales
19006,Hempstead,Martina,Development
19012,Panangaden,Gal,Sales
19014,Danecki,Jiafu,Sales
19029,Jiang,Khosrow,Development
19031,Pollock,Rosella,Sales
19048,Radhakrishnan,Nikolaus,Sales
19051,Cappello,Marek,Development
19089,Ellozy,Badri,Development
19109,Denis,Jenwei,Sales
19113,Bahr,Persi,Sales
19120,Qiwen,Giri,Development
19134,Bakhtari,Seongbin,Sales
19147,Bennis,Chaitali,Sales
19160,Jervis,Tetsurou,Sales
19192,Schusler,Yinlin,Development
19201,Sommen,Arto,Sales
19205,Sinitsyn,Moto,Sales
19259,Pelc,Anoosh,Development
19294,Schoegge,IEEE,Development
19310,Guerreiro,Bouchung,Development
19318,Halevi,Xianlong,Sales
19333,Schrooten,Sanjeeva,Development
19343,Hempstead,Heping,Sales
19353,Schaar,Mayumi,Development
19381,Holburn,Xiahua,Sales
19419,Bernardeschi,Palash,Sales
19425,Pettey,Xuejia,Development
19445,Gecsel,Xinglin,Development
19487,Cannane,Huiqun,Development
19488,Perly,Maris,Development
19504,Valtorta,Mingsen,Development
19515,Gurbaxani,Keiichiro,Development
19543,Perl,Chaitali,Development
19580,Tagansky,Stein,Sales
19586,Minakawa,Hirochika,Development
19604,Cappello,Nahla,Development
19616,Uchoa,Niranjan,Development
19621,Albarhamtoshy,Radhakrishnan,Development
19624,Wolniewicz,Younwoo,Sales
19629,Matzke,Stepehn,Sales
19633,Nourani,Tayeb,Development
19634,Etalle,Phuoc,Sales
19637,Papastamatiou,Dipayan,Development
19653,Crooks,Gay,Development
19663,Navazio,Sverrir,Sales
19665,Zielinski,Khalid,Development
19669,Honiden,Shem,Sales
19675,Herath,Isamu,Sales
19678,Plotkin,Xiping,Development
19708,Biros,Ortrud,Sales
19720,Maksimenko,Kwangyoen,Development
19723,Magalhaes,Xuejun,Sales
19724,Hasham,Visit,Sales
19728,Ramsey,Candido,Sales
19744,Skafidas,Aleksander,Development
19746,Zeidenstein,Shiv,Sales
19758,Birdsall,Rildo,Development
19777,Ferretti,Halsur,Sales
19826,Christ,Fox,Sales
19831,Begiun,Kankanahalli,Development
19839,Hempstead,Tadahiro,Development
19841,Straney,Adil,Sales
19849,Serre,Weicheng,Sales
19874,Kuzuoka,Xuejia,Sales
19940,Einsfeld,Reinhard,Sales
19950,Kusakari,Jaroslava,Development
19955,Conry,IEEE,Sales
19975,Geffroy,Mabry,Development
20006,Birnbaum,Geoff,Development
20013,Lanphier,Jaewoo,Development
20022,Bellone,Felicidad,Development
20037,VanScheik,Tse,Development
20042,Munck,Margareta,Sales
20043,Adachi,Chikara,Development
20048,Mattern,Moon,Development
20059,Panwar,Pranay,Development
20060,Attimonelli,Chrisa,Development
20075,Oberman,Mikhail,Development
20130,Picco,Xiaoshan,Sales
20148,Polupanov,Ibibia,Sales
20169,Zuberek,Gil,Development
20170,Himler,Emdad,Sales
20181,Wegerle,Thodoros,Sales
20245,Fujisawa,Halsur,Development
20251,Unno,Cristinel,Development
20266,Kakkad,Ekawit,Sales
20284,Parascandalo,Monique,Development
20305,Birnbaum,Gou,Sales
20325,England,Katsuyuki,Sales
20327,Lyonns,Doowon,Development
20334,Frijda,Miquel,Development
20338,Butner,Reinhard,Sales
20339,Jumpertz,Masami,Development
20367,Takanami,Bernt,Development
20375,Birrer,Conor,Development
20392,Sidje,Terresa,Development
20405,Mitina,JiYoung,Development
20408,Smailagic,Debatosh,Development
20416,Swiler,Oddvar,Development
20435,Homond,Oguz,Sales
20450,Binkley,Abdelwaheb,Development
20454,Gunderson,Nidapan,Development
20456,Highland,Sigeru,Development
20489,Garrabrants,Boguslaw,Development
20490,Douceur,Soenke,Development
20494,Pagter,Lucien,Sales
20498,Gini,Suvo,Development
20530,Katiyar,Nevio,Development
20534,Kalloufi,Rosita,Sales
20538,Hebert,Gro,Sales
20545,Chaudhury,Woody,Sales
20550,Kabayashi,Koichi,Development
20562,Riexinger,Pranay,Development
20585,Butterworth,Bernd,Development
20621,Navazio,Arumugam,Sales
20624,Nanard,Xiong,Development
20651,Vickson,Alexius,Development
20666,Linares,Shushma,Development
20693,Flasterstein,Yefim,Development
20708,Arlazarov,Aemilian,Sales
20728,Sessa,Billie,Sales
20765,Viele,Steve,Sales
20793,Luft,Pranav,Development
20794,Rathonyi,Shaz,Development
20813,Sinicrope,Srinidhi,Sales
20836,Alameldin,Jingling,Sales
20903,Kemmerer,Yagil,Development
20923,Miara,Menkae,Sales
20928,Chinin,Menkae,Development
20958,Eiron,Ashish,Development
20964,Erez,Clyde,Sales
20968,Rijsenbrij,Nimmagadda,Development
20974,Yavatkar,Hisao,Sales
20979,Kumaresan,Pradeep,Sales
21007,Junet,Christfried,Sales
21109,Chenoweth,Lech,Development
21110,Solares,Shaowei,Sales
21133,Brizzi,Carrsten,Sales
21135,Alpay,KayLiang,Sales
21138,Haraldson,Niteen,Sales
21143,Hennings,Mayumi,Sales
21165,Pfau,Mingdong,Development
21192,Krohm,Sajjad,Development
21211,Pero,Sasan,Development
21214,Angelov,Weiru,Development
21229,Collavizza,Vasilis,Development
21251,Riexinger,Fatemeh,Development
21288,Wendorf,Nechama,Development
21299,Navazio,Tamiya,Sales
21312,Bahi,Mani,Development
21321,Raney,Laurentiu,Development
21344,Vanwelkenhuysen,Mohammed,Sales
21361,Lally,Shooichi,Sales
21396,Manderick,Shaw,Development
21402,Gecsei,Guadalupe,Development
21409,Yoshimura,Hongzhu,Sales
21413,Sherertz,Laurentiu,Sales
21421,Yoshizawa,Avishai,Sales
21432,Weisert,Kerhong,Sales
21509,Rubsam,Udo,Sales
21523,Lores,Eldridge,Development
21537,Mitchem,Boutros,Sales
21542,Sherertz,Miomir,Sales
21547,Crooks,Fatemeh,Development
21548,Gimbel,Maren,Development
21555,Biron,Uinam,Development
21566,Demos,Angel,Sales
21580,Morton,Debatosh,Development
21588,Masamoto,Licheng,Sales
21597,Pezzoli,Masami,Development
21609,Pappas,Sibyl,Sales
21612,Bardell,Martial,Sales
21639,Domenig,Caolyn,Development
21642,Erman,Shaz,Development
21643,Maksimenko,Yuuichi,Development
21648,Fandrianto,Mayuko,Sales
21663,Serra,Eberhardt,Development
21674,Naumovich,Kannan,Development
21683,Velasco,Jiang,Sales
21693,Schurmann,Palash,Sales
21697,Luke,Billur,Sales
21705,Luon,Aleksandar,Sales
21715,Skrikant,Shawna,Development
21725,Calkin,Hyuncheol,Development
21750,Shumilov,Padma,Development
21751,Savasere,Uinam,Development
21754,Jonsson,Kenroku,Development
21758,Picht,Susumu,Sales
21820,Khasidashvili,Sanjay,Sales
21835,Luck,Mang,Development
21859,Swen,Padma,Development
21877,Biran,Brigham,Development
21897,Kavanagh,Sampalli,Sales
21908,Parfitt,Fen,Development
21915,Erie,Kitty,Development
21920,Schneeberger,Naftali,Development
21953,Michaels,Bader,Sales
21976,Uhrig,Randy,Sales
21980,Miyakawa,Gen,Sales
21987,Fontet,Dipankar,Sales
21994,Babb,Lech,Sales
22012,Armand,DeForest,Development
22023,Vidya,Mart,Sales
22024,Flexer,Weidon,Development
22072,Pettit,Kasturi,Development
22095,Schlumberger,Breannda,Sales
22111,Felcyn,Rasiah,Sales
22136,Thiran,Naftali,Sales
22140,Reghbati,Susanne,Sales
22150,Zweizig,Kristina,Sales
22179,Garnick,Rosine,Sales
22180,Luef,Iara,Development
22234,Narwekar,Arno,Development
22255,Merel,Kristian,Development
22326,Skafidas,Mani,Sales
22370,Oxenboll,Aloys,Sales
22372,Bugrara,Mitchel,Development
22374,Klassen,Soenke,Sales
22375,Kulisch,Snehasis,Development
22381,Openshaw,Uma,Sales
22405,Parveen,Gritta,Sales
22429,Terekhov,Franziska,Development
22437,Orsini,Xiaoqiu,Development
22520,Ranka,Mokhtar,Development
22535,Chachaty,Alejandra,Sales
22536,Andreotta,Sukumar,Development
22557,Luon,Abdulla,Sales
22590,Veevers,Suzette,Sales
22593,Jeansoulin,Danae,Sales
22596,Wegerle,Slavian,Development
22609,Baalen,Zvonko,Sales
22649,Driscoll,Reuven,Development
22682,Ananiadou,Kristina,Development
22688,Ebeling,Sham,Sales
22691,Bottner,Morris,Sales
22702,Reeken,Faiza,Development
22716,Waymire,Sreekrishna,Development
22720,Gornas,Olivera,Sales
22728,Codenie,Makato,Sales
22749,Famili,Snehasis,Development
22758,Rijckaert,Mabry,Sales
22766,Jumpertz,Yishay,Development
22783,Beerel,Takahiro,Sales
22786,Usdin,Moss,Sales
22838,Markovitch,Brendon,Development
22855,Thimonier,Shalesh,Development
22860,Parascandalo,Taizo,Sales
22863,Denna,Petter,Sales
22873,Ashish,Ebbe,Sales
22878,Tasistro,JoAnna,Development
22886,Templeman,Gudjon,Development
22887,Henseler,Arno,Development
22894,Casley,Muzhong,Sales
22897,Heering,Weiru,Development
22910,Cummings,Shawna,Sales
22917,Pfau,Adas,Development
22919,Skogmar,Georg,Development
22923,Laventhal,Kristof,Development
22928,Angot,Sanjeeva,Development
22934,Plumb,Parviz,Sales
22947,Schmiedel,Herbert,Development
23007,Spell,Hyuckchul,Development
23023,Lenart,Premsyl,Development
23026,Lortz,Junichi,Development
23034,Rosca,Josyula,Development
23068,Brlek,Eldridge,Development
23086,Lemarechal,Nathan,Development
23095,Woycyznski,Muneo,Development
23104,Anido,Tadanori,Development
23138,Kaelbling,Pascal,Development
23151,Lunt,Ortrun,Development
23187,Wossner,Kwangho,Development
23195,Ertl,Mark,Sales
23197,Ducloy,Marjo,Development
23211,Pehl,Subir,Sales
23252,Simkin,Dzung,Development
23269,Szmurlo,Aamer,Development
23290,Papsdorf,Parviz,Sales
23300,Schauser,Froduald,Sales
23306,Falco,Ziva,Development
23314,Demizu,Krassimir,Sales
23317,Worfolk,Huican,Development
23330,Cooley,Aloke,Development
23342,Berendt,Xinglin,Development
23347,Rosaz,Kwun,Development
23362,Yurek,Youjian,Sales
23370,Bodoff,Morris,Sales
23384,Reinhard,Branimir,Sales
23398,Marwedel,Georgy,Development
23404,Gini,Anneli,Development
23406,Masada,Masadi,Sales
23448,Unno,Gil,Development
23454,Felcyn,Heejo,Sales
23466,Anandan,Chikara,Development
23480,Busillo,Dannz,Sales
23505,Muchinsky,Yunming,Sales
23517,Biron,Xiahua,Development
23532,Bardell,Duke,Sales
23538,Pargaonkar,Bernardo,Development
23592,Templeman,Marek,Sales
23620,Reeker,Clyde,Sales
23633,Nyrup,Jinpo,Sales
23640,Mamelak,Leucio,Development
23642,Pusterhofer,Kwangjo,Development
23676,Openshaw,Sham,Sales
23677,Sevcikova,Rafael,Sales
23691,Stille,Satoru,Development
23692,Merey,Aris,Development
23703,Thimonier,Prodip,Sales
23707,Ananiadou,Yoshimitsu,Development
23753,Isaac,Karsten,Development
23761,Menhardt,Jouni,Sales
23777,Kilgore,Juichirou,Development
23783,Swan,Nevio,Development
23784,Merli,Aiman,Development
23791,Pavlopoulou,Boguslaw,Sales
23817,Coorg,Duri,Sales
23822,Rosar,Faiza,Development
23834,Harllee,Bedir,Sales
23842,Birdsall,Genevieve,Development
23857,Frijda,Kristen,Development
23860,Kumaresan,Malu,Sales
23868,Reistad,Trygve,Sales
23872,Ranst,Cedric,Development
23877,Motley,Tesuro,Sales
23883,Ozery,Dayanand,Development
23924,Solovay,Shakhar,Development
23932,Harbusch,Lubomir,Development
23940,Haldar,Jingling,Development
23943,Fritzsche,Hyuncheol,Development
23946,Streit,Carrsten,Sales
23952,Oehlmann,Valdiodio,Sales
23963,Soloway,Goo,Development
23969,Sullins,Elgin,Development
23995,Zhang,Fatemeh,Sales
23998,Neimat,Amabile,Sales
24015,Wixon,Baruch,Sales
24056,Shrader,Gladys,Sales
24062,Butner,Satosi,Development
24071,Keustermans,Ibibia,Development
24078,Einsfeld,Sachem,Sales
24118,Monarch,Elliott,Sales
24140,Thombley,Basem,Development
24153,Anger,Lidong,Sales
24156,Willoner,Bangqing,Development
24160,Kroon,Shugo,Development
24166,Chinal,Niranjan,Sales
24177,Aumann,Van,Sales
24178,Sherertz,Jouko,Development
24182,Antonisse,Teunis,Development
24199,Bach,Iara,Development
24209,Msuda,Hilary,Development
24224,Kinley,Vasilis,Development
24225,Eiter,Shugo,Sales
24245,Andreotta,Xuedong,Development
24256,Clemencon,Salvador,Development
24260,Brookman,Atilio,Development
24269,Peron,Prodip,Development
24334,Brookman,Zhilian,Sales
24383,Erev,Aksel,Development
24388,Milicic,Zhilian,Sales
24389,Shimshoni,Kenroku,Development
24397,Shimshoni,Shaibal,Sales
24402,Itzfeldt,Jolita,Development
24429,Anger,Murthy,Sales
24457,Merkl,Alain,Development
24459,Puoti,Masako,Development
24460,Lanphier,Yinghua,Sales
24462,Senzako,Chenye,Development
24489,McAffer,Yuuichi,Sales
24497,Rando,Jackson,Development
24508,Penn,Uzi,Development
24522,Hopewell,Shunichi,Sales
24525,Gelosh,Ronnie,Development
24526,Sudbeck,Ayonca,Development
24534,Morton,Berni,Development
24588,Kranzdorf,Huiqun,Sales
24596,Stranks,Ayonca,Sales
24613,Stifter,Hitofumi,Sales
24617,Cullers,Ramachenga,Development
24657,Silva,Berna,Development
24671,Hiltgen,Naraig,Development
24680,Takkinen,Garnet,Development
24696,Munoz,Ohad,Development
24720,Zirintsis,Owen,Development
24725,Openshaw,Yechezkel,Sales
24728,Trumbly,Margo,Development
24746,Tsukuda,Tianruo,Sales
24752,Mersereau,Fan,Development
24790,Chachaty,Kiyokazu,Sales
24793,Brizzi,Kristen,Sales
24853,McClurg,Zhongwei,Sales
24854,Neiman,Sushant,Development
24862,Muntz,Susumu,Sales
24872,Decaestecker,Oguz,Sales
24888,Felder,Murthy,Sales
24900,Vidya,Zeljko,Development
24909,Garrabrants,Constantine,Sales
24915,Liedekerke,Morris,Development
24925,Thebaut,Gennady,Development
24932,Erbe,Charmane,Sales
24934,Bruckman,Carrsten,Development
24937,Carrera,Syozo,Development
24939,Angot,Shuho,Development
24963,Redmiles,Cathie,Development
24976,Vakili,Khun,Sales
24985,Bottner,Martins,Sales
25003,Benzmuller,Dietrich,Sales
25004,Schurmann,Youpyo,Development
25007,Showalter,Dipankar,Development
25016,Asrin,Danny,Development
25022,Hiroyama,Zengping,Sales
25046,Cyre,Mart,Development
25050,Fraisse,Jahangir,Development
25052,Scharstein,Geraldo,Development
25085,Usery,Tran,Sales
25108,Eterovic,Wanqing,Development
25112,Haraldson,Muneo,Sales
25138,Marrakchi,Guadalupe,Development
25139,Jiang,Aloke,Development
25144,Stellhorn,Shaibal,Sales
25145,Ashish,Serge,Development
25167,Delaune,Flemming,Development
25220,Mullainathan,Shuho,Development
25246,dAstous,Val,Development
25250,Arlazarov,Valdiodio,Development
25254,Peek,Matt,Development
25282,Papadias,Gladys,Development
25302,Minakawa,Susanna,Development
25308,Mayerwieser,Abdelaziz,Development
25327,Miculan,Mohamadou,Development
25335,Itzfeldt,Etsuo,Development
25339,Bale,Brewster,Development
25370,Puoti,Jagoda,Sales
25371,Ishibashi,Goh,Sales
25376,Panienski,Nathan,Development
25435,Milicia,DeForest,Sales
25462,Rohrbach,Vasilii,Development
25475,Fujisaki,Flemming,Development
25495,Lakshmanan,Stein,Development
25504,Servi,Pramod,Development
25520,Rubsam,Sajjad,Development
25521,Raney,Chanjung,Development
25531,Domenig,Zhiwei,Development
25537,Ibel,Akeel,Sales
25547,Ranum,Krassimir,Development
25550,Haddadi,Shaz,Development
25562,Menhardt,Bernardo,Sales
25599,Pillow,Masoud,Sales
25600,McClurg,Jinpo,Sales
25603,Desikan,Kwangsub,Sales
25632,Ramamoorthy,Arunachalam,Development
25643,Peak,Adin,Sales
25644,Straney,Kwangho,Sales
25656,Narwekar,Eben,Development
25673,Azulay,Ottavia,Development
25680,Ponthieu,Nectarios,Development
25717,Speek,Froduald,Sales
25755,Setiz,Aria,Development
25765,Suermann,Demin,Development
25771,Passino,Sibyl,Development
25772,Marrevee,Greger,Sales
25777,Famili,Leucio,Development
25790,Plump,Suebskul,Development
25797,Nooteboom,Morrie,Development
25830,Janocha,Janalee,Sales
25835,Poehlman,Maria,Development
25841,Ernst,Shahab,Sales
25862,Tasistro,Khaled,Development
25873,Codenie,Yakichi,Development
25880,Pintelas,Zhanqiu,Development
25908,Nations,Sachio,Sales
25918,Iisaka,Yoshimitsu,Development
25935,Parascandalo,Berhard,Sales
25963,Fandrianto,Jiakeng,Sales
25972,Escriba,Demos,Development
25979,Yemenis,Monique,Development
25992,Bugrara,Divier,Sales
26005,Vidya,Ohad,Development
26006,Riexinger,Subhash,Sales
26037,Gadepally,Radhika,Development
26053,Szmurlo,Heekeun,Sales
26086,Beutelspacher,Turgut,Sales
26113,Brandsma,Larisa,Sales
26119,Vesna,Akeno,Development
26121,Krichel,Ipke,Development
26144,Khasidashvili,Kamakshi,Development
26162,Grospietsch,Yechiam,Development
26172,Bahr,Sedat,Sales
26192,Tetzlaff,Geoffry,Development
26252,Flowers,Haldun,Sales
26272,Marakhovsky,Zorica,Development
26277,Fetvedt,Rasikan,Development
26283,Feldmann,Abdulla,Development
26289,Michaels,Baoqiu,Development
26300,Gomatam,Marin,Development
26317,Weedman,Valdiodio,Sales
26344,Sabnani,Duke,Sales
26362,Prampolini,Aiichiro,Development
26369,Sewelson,Kiyotoshi,Development
26378,Streng,Huiqun,Development
26379,Hutton,Falguni,Development
26385,Peral,Brigham,Development
26391,Kermarrec,Baoqiu,Sales
26396,Bresenham,Jinxi,Development
26486,Simkin,Taegyun,Development
26488,Perly,Zdislav,Sales
26543,Koyama,Zhonghua,Development
26548,Perly,Susanta,Development
26605,Taubman,Michaela,Development
26623,Barbanera,Berni,Sales
26639,Weiland,Guadalupe,Sales
26682,Baezner,Yucai,Sales
26683,Covnot,Kayoko,Development
26692,Cools,Taisook,Development
26714,Pelc,Sadun,Development
26733,Yetto,Kauko,Development
26750,Denis,Baziley,Sales
26770,Ghelli,Ibibia,Development
26778,Scharstein,Zeljko,Sales
26789,Danley,Badri,Development
26808,DuCasse,Jeanne,Sales
26811,Farrow,Prodip,Sales
26812,Noriega,Licheng,Development
26828,Haddadi,Maha,Development
26833,Gustavson,Hirochika,Sales
26856,Cooke,Kazuhiko,Development
26869,Vecchio,Jasminko,Development
26902,Welham,Reinhold,Sales
26905,Markovitch,Fatemeh,Sales
26952,Maccarone,Nevin,Development
26955,Tanemo,Elvis,Development
26958,Raoux,Juichirou,Development
27009,Oehlmann,Yakichi,Development
27044,Zaiane,Chuanyi,Development
27045,Merks,Teruyuki,Development
27056,Hiyoshi,Leen,Sales
27065,Eugenio,Roded,Development
27107,Murtha,Lansing,Development
27112,Anily,Yechezkel,Development
27117,Eugenio,Shirish,Development
27118,Azadmanesh,Anestis,Development
27130,Rathonyi,Kazuhira,Development
27193,Nivat,Dulce,Development
27221,Rosar,Syozo,Sales
27223,Delgrossi,Noritoshi,Sales
27272,Genin,Kwan,Sales
27273,Jeong,Alassane,Development
27281,Bahi,Leaf,Development
27282,Bahi,Xiaobin,Sales
27295,Orlowska,Marc,Development
27298,Loncour,Stepehn,Development
27318,Rosaz,Demin,Development
27332,Merey,Charmane,Development
27365,Morris,Mang,Sales
27368,Keustermans,Dipayan,Sales
27369,Chinen,Cedric,Sales
27373,Varman,Jiafu,Development
27377,Gils,Mara,Development
27398,Shimshoni,Wayne,Development
27492,Provine,Guoxiang,Development
27511,Perelgut,Jiann,Development
27528,Baranowski,Martijn,Development
27548,Riexinger,Slavian,Sales
27557,Oxman,Teunis,Sales
27584,Choobineh,Danae,Development
27626,Flanders,Vishu,Development
27642,Zockler,Muneo,Development
27652,Matteis,Jacqueline,Sales
27654,Morris,Sajjan,Development
27670,Merey,Yolla,Development
27727,Rotem,Heekeun,Development
27732,Facello,Girolamo,Development
27739,Piancastelli,Youssef,Sales
27756,Suwa,Stevo,Sales
27762,Griswold,Boalin,Sales
27772,Salvesen,Shahaf,Sales
27793,Merlo,Paraskevi,Sales
27797,Botman,Kazuhisa,Sales
27800,Sommer,Baruch,Sales
27801,Danecki,Naraig,Sales
27814,Angelov,Shigenori,Sales
27856,Holburn,Lokesh,Development
27880,Poujol,Yinlin,Development
27905,Barinka,Monique,Development
27959,Dusink,Moheb,Development
27961,Murtafg,Wojceich,Development
27975,Rehfuss,Remmert,Development
27978,Unni,Sedat,Development
28008,Luit,Shugo,Development
28027,Wallrath,Kagan,Development
28074,Syrotiuk,Shmuel,Sales
28079,Salvesen,Rimon,Development
28128,Slaats,Huican,Sales
28146,Azadmanesh,Niteen,Development
28161,Nicolson,Kwan,Sales
28165,Lorch,Sanjit,Development
28171,Setlzner,Filipe,Development
28207,Ebeling,Sakthirel,Development
28208,Lienhardt,Tristan,Development
28209,Millington,Gadiel,Sales
28240,Lorcy,Reuven,Sales
28242,Vasanthakumar,Thodoros,Sales
28281,Oxenboll,Adhemar,Sales
28282,Spelt,Arto,Sales
28298,Ritcey,Holgard,Sales
28306,Papsdorf,Wilmer,Development
28315,Servi,Hideo,Development
28322,Millington,Premal,Sales
28325,Baar,Iara,Development
28344,Barriga,Fan,Sales
28350,Heusch,Theron,Sales
28354,Prochazka,Geoffrey,Development
28358,Salinas,Constantino,Sales
28359,Stellhorn,Kshitij,Sales
28366,Falster,Abdelwaheb,Development
28373,Bhattacharjee,Steen,Sales
28382,Zuberek,Mihalis,Development
28383,Chimia,Gladys,Sales
28385,Conia,Filipp,Sales
28418,Suermann,Sachio,Development
28447,Ghelli,Anneke,Development
28487,Alblas,Ziva,Sales
28529,Griswold,Mabo,Development
28542,Guardalben,Ferdinand,Development
28555,Wendorf,Kankanahalli,Sales
28563,Chelton,Candido,Development
28579,Rehfuss,Naraig,Development
28596,Porotnikoff,Perla,Sales
28599,Szilard,Youpyo,Sales
28604,Kirkerud,Rafols,Sales
28619,Majewski,Pragnesh,Sales
28631,Marletta,Dmitry,Development
28653,Flanders,Pranay,Sales
28684,Genther,Shushma,Development
28689,Lores,Jessie,Sales
28703,Remmele,Tremaine,Sales
28716,Hertweck,Kristian,Sales
28726,Veldwijk,Marie,Development
28734,Heydon,Arvind,Sales
28739,Wixon,Elliott,Sales
28750,Speckmann,Guangming,Sales
28753,Lichtner,Leaf,Sales
28757,Poupard,Branimir,Sales
28773,Polupanov,Tomokazu,Development
28779,Bottner,Fayez,Sales
28797,Heijenga,Shridhar,Development
28811,Vrecion,Cristinel,Development
28855,Heering,Shan,Development
28867,Awdeh,Shahar,Development
28890,Puoti,Lijie,Development
28891,Krohn,Susanna,Development
28922,Willoner,Xiadong,Development
28958,Wossner,Angel,Sales
28976,Aingworth,Kazuhiko,Development
28993,Rijckaert,Domenick,Development
29020,Vrecion,Gill,Development
29026,Byoun,Parto,Development
29030,Heiserman,Nikolaus,Development
29032,Rassart,Mizuhito,Development
29059,Legleitner,Arumugam,Development
29080,Shumilov,Panayotis,Sales
29101,Salverda,Jouni,Development
29120,Bergere,Parto,Sales
29133,Peck,Rafael,Sales
29178,Foong,Hairong,Development
29191,Krogh,Ayakannu,Development
29194,Peris,Sarita,Development
29199,Mondadori,Chaoyi,Sales
29202,Roohalamini,Rajmohan,Development
29208,Schusler,Radoslaw,Development
29222,Trachtenberg,Remzi,Development
29237,Beznosov,Gennadi,Development
29243,Koyama,Sibyl,Development
29250,Besancenot,Radoslaw,Sales
29256,Schiettecatte,Mountaz,Development
29261,Kopetz,Paraskevi,Sales
29317,Conia,Navin,Development
29353,Gadepally,Gaetan,Development
29361,McDermid,LiMin,Development
29366,Ohori,Domenico,Sales
29372,Chinin,Parke,Development
29384,Keustermans,Magy,Development
29419,Scharstein,Kendra,Development
29425,Muntz,Mingdong,Development
29436,Schnelling,Godehard,Development
29469,Cmelik,Rafael,Development
29485,Shobatake,Ortrun,Sales
29486,Gerteisen,Jouni,Development
29507,Panwar,Adel,Development
29515,Karcich,Kish,Development
29518,Maquelin,Lucien,Development
29520,Ozery,Shunichi,Development
29527,Oaver,Adamantios,Sales
29539,Heering,Chaosheng,Sales
29559,Edelhoff,Shin,Development
29565,Binding,Reinhard,Development
29573,Linnainmaa,Kwangsub,Sales
29583,Waymire,Subhada,Sales
29596,Lueh,Geoff,Sales
29597,Codenie,Yoshinari,Development
29603,Khamsi,Kristina,Sales
29623,Stille,Heekeun,Development
29651,Knightly,Divier,Sales
29690,Fioravanti,Eran,Sales
29715,Valette,Dinah,Development
29719,Takkinen,Sumant,Sales
29729,Bernatsky,Alassane,Sales
29788,Kaminger,Radhia,Development
29812,Gimarc,Yefim,Development
29822,Sifakis,Prodip,Sales
29825,Kenevan,Jeong,Development
29829,Pepe,Pranjal,Development
29856,Pardalos,Yuichiro,Development
29895,Encarnacion,Maja,Development
29915,Maquelin,JoAnne,Sales
29946,McClure,Shooichi,Sales
29948,Kruskal,Elzbieta,Development
29969,McAffer,Lena,Development
30005,Nourani,Ramachenga,Development
30020,Brobst,Masadi,Development
30062,Ertl,Phuoc,Development
30083,Burnard,Wanqing,Development
30084,Cronin,Jiafu,Development
30092,Pusterhofer,Kristof,Development
30101,Olano,Berni,Development
30106,Yamaashi,Zeljko,Development
30107,Reinhard,Sungwon,Development
30123,Baba,Rosita,Development
30143,Huttel,Indrajit,Sales
30149,Bugaenko,Leon,Development
30179,Krzyzanowski,Shirish,Sales
30189,Koblick,Krisda,Development
30209,Aloisi,Yannis,Sales
30213,Restivo,Srinidhi,Development
30283,Juneja,Zeydy,Development
30289,Vuskovic,Kiyomitsu,Development
30302,Sankaranarayanan,Amstein,Sales
30313,Candan,Srinidhi,Development
30330,Nitsch,Caolyn,Sales
30331,Vuskovic,Lene,Development
30351,Blokdijk,Djenana,Sales
30374,Reinhart,Xiaocheng,Development
30408,Crelier,Masasuke,Development
30410,Menyhert,Feiyu,Sales
30419,Kulisch,Peer,Development
30425,Akazan,Rimli,Sales
30454,Plessier,Pradeep,Development
30466,Giaccio,Sumant,Sales
30470,Jayawardene,Siamak,Development
30479,Kampfer,Shigenori,Development
30497,Pettis,Youjian,Sales
30513,Limongiello,Eric,Sales
30516,Ishibashi,Houman,Development
30525,Matzen,Snehasis,Sales
30530,McFarlan,LiMin,Development
30537,Gini,Bluma,Development
30546,Oehlmann,Janalee,Sales
30550,Hofstetter,Quingbo,Development
30571,Bonifati,Ziva,Development
30601,Cyne,Gilbert,Sales
30648,Chartres,Macha,Development
30655,Anandan,Xuedong,Sales
30656,Ranst,Gritta,Development
30663,Sigstam,Gurbir,Sales
30666,Clemencon,Guadalupe,Development
30670,Zizka,Lillian,Sales
30673,Ozeki,Berry,Sales
30730,Pelc,Willard,Sales
30748,Uchoa,Katsuyuki,Sales
30761,Iisaka,Hisao,Development
30769,Frolund,Berry,Sales
30791,Ariola,Xiong,Development
30800,Fandrianto,Nevin,Development
30802,Bernini,Keung,Development
30819,Asrin,Sachio,Development
30831,Kermarrec,Arno,Sales
30833,Cichocki,Chaoyi,Development
30834,Erdi,Van,Sales
30836,Mitsuhashi,Sachem,Development
30846,Montresor,Nidapan,Development
30856,Lampe,Chaosheng,Development
30899,Keirsey,Dannz,Sales
30923,Ellozy,Chandrasekaran,Sales
30936,Attimonelli,Rosalyn,Development
30948,Lunt,Xinan,Development
30968,Karlin,Ingemar,Development
30994,Alpin,Pranay,Development
31019,Junot,Arve,Development
31024,Ciolek,Xiadong,Sales
31058,Frezza,Abdulah,Development
31085,Merks,Venkatesan,Development
31122,Ghemri,Remko,Development
31127,Puppo,Mizuhito,Sales
31131,Zolotykh,Conal,Sales
31132,Ghalwash,Barna,Sales
31193,Stranks,Ranan,Development
31220,Lund,Radoslaw,Sales
31224,Apsitis,Uta,Sales
31226,Vakili,Gennady,Development
31227,McConalogue,Aluzio,Development
31253,Pepe,Troy,Development
31257,Cherinka,Nectarios,Development
31263,Pena,Yurij,Development
31286,Magliocco,Marsha,Development
31305,Luiz,Nadjib,Development
31326,Conta,Tesuya,Development
31333,Jenevein,Kerhong,Development
31343,Denos,Heon,Sales
31344,Gerteisen,Saddek,Sales
31363,Merli,Hidde,Sales
31372,Zaccaria,Padma,Sales
31380,Coullard,Sastry,Development
31385,Daescu,Barry,Sales
31390,Liedekerke,Fei,Development
31401,Sigstam,Hein,Sales
31407,Vernadat,Chaosheng,Sales
31423,Ranta,Otilia,Development
31425,Anger,Mohammad,Sales
31426,Polajnar,Guozhong,Development
31429,Bernini,Matk,Sales
31444,Hinsberger,Aris,Sales
31456,Rajcani,Tamiya,Development
31501,Penn,Martial,Development
31508,Gadepally,Sanjit,Sales
31533,Albarhamtoshy,Trygve,Sales
31543,Siksek,Srinidhi,Development
31547,Kalloufi,Subhada,Development
31557,Kalafatis,Denny,Sales
31558,Hmelo,Shuzo,Sales
31563,Kushner,Pradeep,Development
31571,Reutenauer,Jagoda,Development
31587,Henseler,Heather,Development
31593,Merey,Kamakshi,Development
31595,Barbanera,Stevo,Sales
31630,Businaro,Fabrizio,Development
31634,Rubsam,Mohua,Development
31641,Syrzycki,Aram,Development
31650,Savasere,Neven,Sales
31700,Ranft,Weiyi,Sales
31702,Isard,Florian,Sales
31709,Boissier,Jinpo,Development
31719,Caine,JoAnne,Sales
31750,DuBourdieux,Fabrizio,Sales
31763,Fadgyas,Tetsurou,Development
31777,Kumaresan,Pragnesh,Development
31791,Debuse,Saddek,Sales
31796,Vakili,Leen,Development
31810,Gill,Jasminko,Development
31824,Pezzoli,Remko,Sales
31864,Bahl,Zhenbing,Development
31865,Schade,Ramzi,Development
31868,Jervis,Dhritiman,Development
31890,Shiratori,Dekang,Sales
31900,Fujisaki,Odoardo,Development
31915,Speckmann,Kazuhide,Development
32001,Attimonelli,Mari,Sales
32027,Sidhu,Mong,Sales
32037,Ozeri,Bader,Development
32056,Lieblein,Parviz,Sales
32106,Claffy,Conor,Development
32113,Beerel,Surveyors,Development
32138,Facello,Anyuan,Sales
32147,Basart,Shahaf,Development
32150,Narwekar,Chenxi,Sales
32158,Ranta,Fun,Development
32167,Sury,Christophe,Sales
32174,Kaltofen,Mohua,Development
32193,Szmurlo,Margareta,Sales
32197,Highland,Claude,Sales
32200,Sadowsky,Nalini,Development
32204,Leppanen,Garnet,Sales
32221,Snedden,Pranas,Sales
32233,Benveniste,Kenroku,Development
32237,Range,Yucai,Sales
32261,Dehkordi,Bernt,Development
32303,Merli,Bodh,Sales
32340,Tiemann,Maria,Development
32344,Takanami,Lillian,Development
32349,DiGiano,Hairong,Sales
32405,Haumacher,Vitaly,Development
32430,Hellwagner,Yongdong,Development
32439,Karner,Abdelghani,Sales
32445,Angelopoulos,Kristian,Development
32449,Sabnani,Gal,Development
32455,Brlek,Lokesh,Development
32467,Dulay,Berna,Development
32468,Masamoto,Rafols,Sales
32487,Hambrick,Neven,Sales
32488,Merks,Jeanne,Development
32499,Hellwagner,Jouko,Development
32531,Zirintsis,Heng,Development
32563,Larfeldt,Gritta,Development
32580,Facello,Kirk,Development
32583,Comte,Siamak,Sales
32596,Gelosh,Naftaly,Development
32626,Ambroszkiewicz,Ulf,Development
32641,Tetzlaff,Tua,Development
32653,Wielonsky,Renny,Sales
32689,Heusch,Gladys,Sales
32696,Hofstetter,Luisa,Sales
32703,Klyachko,DeForest,Sales
32724,Janocha,Alselm,Sales
32735,Simkin,Ewing,Sales
32765,Mitchem,Yurij,Development
32776,Bodoff,Charlene,Sales
32778,Conde,Branimir,Development
32793,Litzler,Nathan,Development
32796,Picaronny,Duke,Development
32835,Thambidurai,Wanqing,Development
32849,Kornyak,Adib,Development
32864,Stifter,Anyuan,Sales
32871,Rullman,DeForest,Sales
32891,Ozeki,Vasilis,Development
32892,Pfau,Sudharsan,Development
32903,Terlouw,Maja,Development
32928,Kalloufi,Shigeu,Sales
32931,DasSarma,Almudena,Sales
32951,Hockney,Tianruo,Development
32955,Dredge,Basim,Development
32962,Orlowska,Girolamo,Sales
33008,Birnbaum,Keiichiro,Sales
33009,Chinin,Tsutomu,Sales
33018,Baer,Christophe,Development
33021,Genin,Mona,Development
33029,Cherinka,Claude,Development
33076,Ranon,Geoff,Development
33085,Jullig,Kristinn,Development
33115,Peyn,Padma,Development
33123,Eiron,Ingemar,Development
33125,Dulay,Jaewon,Sales
33126,Marwedel,Charmane,Development
33164,Levergood,Marie,Development
33184,Kaelbling,Kazuhiro,Sales
33196,Gist,Jungsoon,Sales
33211,DuBourdieux,Prodip,Development
33216,Thombley,Zdislav,Sales
33221,Demri,Makato,Development
33226,Hegner,Kenton,Development
33255,Straney,Alejandra,Development
33270,Ebeling,Chanjung,Sales
33279,Felder,Arne,Sales
33281,Kisuki,Laurentiu,Sales
33288,Fetvedt,Hinrich,Development
33340,Lamma,Gila,Sales
33343,Gunderson,Chiradeep,Sales
33386,Eiter,Sadok,Development
33399,Lorcy,Roded,Sales
33402,Carrere,Leni,Development
33423,Koblick,Jinpo,Sales
33427,Mitsuhashi,Shalesh,Development
33510,Christ,Shaibal,Development
33518,Birsak,Perla,Development
33530,Garigliano,Toney,Development
33535,Assaf,Venkatesan,Development
33555,Kawashima,Wojceich,Sales
33562,Zobel,Shigenori,Development
33566,Lorie,Kiyokazu,Development
33576,Rodite,Serif,Development
33579,Eickenmeyer,Guozhong,Sales
33585,Junot,Pasqua,Development
33628,Ritcey,Macha,Development
33631,Ozeri,Tonny,Sales
33655,Lovengreen,Zvonko,Development
33665,Zyda,Xumin,Development
33675,Lichtman,Wojceich,Development
33696,Famili,Danny,Development
33698,Dalton,Mohan,Sales
33715,Wynblatt,Armond,Sales
33727,Highland,Uno,Sales
33736,Koyama,DeForest,Development
33767,Kenevan,Dekang,Development
33778,Erva,Tua,Development
33787,Kriebel,Malu,Development
33793,Delgrossi,Oldrich,Sales
33812,Basawa,Patricio,Sales
33838,Ranai,Adit,Sales
33840,Cairo,Lubomir,Development
33852,Prochazka,Marek,Sales
33913,Binkley,Niteen,Sales
33927,Haumacher,Bezalel,Development
33969,Sadowsky,Arie,Sales
33990,Showalter,Val,Development
33998,Polupanov,Apostol,Development
34030,Rodiger,Nobuyoshi,Sales
34049,Brookner,Tadanori,Sales
34051,Motley,Jordanka,Development
34070,Champarnaud,Sivanarayana,Development
34082,Jakobus,Yechiam,Development
34129,Kolinko,Takanari,Development
34130,Perry,Mahendra,Development
34143,Beilner,Gay,Development
34146,Matteis,Fun,Sales
34150,Miculan,Leen,Sales
34158,Syrotiuk,Mohammed,Sales
34166,Rahimi,Naftali,Development
34180,McClure,Ger,Development
34184,Klassen,Shiv,Development
34202,Stroustrup,Rafail,Development
34208,Tsunoo,Rosine,Development
34212,Salverda,Adly,Development
34215,Pietrzykowski,Otilia,Sales
34241,Ariola,Remco,Sales
34257,Roisin,Xiaoqiang,Development
34338,Emden,Hairong,Development
34348,Klassen,Along,Development
34358,Dulin,Jaihie,Development
34377,Menhoudj,Hidde,Development
34382,Ravishankar,Kayoko,Sales
34406,Mitsuhashi,Yefim,Sales
34536,Narahari,Danil,Development
34538,Rossi,Pranjal,Development
34552,Llado,Souichi,Sales
34578,Baaz,Jahangir,Development
34597,Bolotov,Jouko,Sales
34600,Middleton,Godehard,Sales
34605,Middleton,Arunachalam,Development
34609,Hockney,Hailing,Development
34626,McConalogue,Udi,Development
34632,Clouatre,Licheng,Development
34647,Tiemann,Kerryn,Development
34670,Diderrich,Mihalis,Development
34690,Litzkow,Beshir,Development
34701,Gecsei,Kwun,Development
34707,Syang,Jacqueline,Development
34713,Akaboshi,Shigeichiro,Development
34726,Emmart,Shridhar,Sales
34752,Stifter,Paddy,Development
34754,Llado,Maren,Sales
34805,Siksek,Marek,Development
34831,Haldar,Poornachandra,Sales
34839,Kermarrec,Henk,Sales
34857,Birrer,Weicheng,Development
34881,Schapiro,Krister,Sales
34915,Tetzlaff,Christ,Sales
34928,Flexer,Anwar,Development
34941,Heering,Susanne,Sales
34960,Luga,Vasilis,Sales
34961,Dolinsky,Uno,Sales
34999,Narwekar,Shim,Development
35012,Krybus,Noritoshi,Sales
35016,Awdeh,Dinah,Development
35042,Servieres,Nahid,Sales
35046,Luders,Sachem,Sales
35059,Flasterstein,Vitaly,Development
35070,Masada,Kirk,Development
35089,Lanzelotte,Paris,Development
35096,Olivero,Gaetan,Development
35123,Schaaf,Yechezkel,Development
35138,Boreale,Susuma,Development
35142,Uhrig,Conor,Development
35182,Eldridge,Uinam,Development
35226,Felcyn,Byong,Development
35248,Passafiume,Tua,Sales
35273,Mitsuhashi,Zsolt,Sales
35300,Chenoweth,Chuanti,Development
35327,Panwar,Babette,Development
35342,Potthoff,Elvis,Development
35352,Kilgour,Koldo,Development
35371,Chleq,Arup,Development
35373,Kumaresan,Bernd,Sales
35413,Kaminger,Rafols,Development
35423,Caine,Moss,Development
35425,Desikan,Hinrich,Development
35470,Ranai,Satoru,Development
35476,Heinisuo,Frederique,Sales
35501,Scharstein,Gretta,Development
35541,Azadmanesh,Wojceich,Development
35550,Hutton,Van,Sales
35552,Cangellaris,Sungwon,Development
35558,Staudhammer,Kshitij,Sales
35570,Katzenelson,Baocai,Development
35589,Trystram,Kyoichi,Development
35609,Decaestecker,Vidya,Development
35613,Thorensen,Margareta,Development
35617,Yemenis,Guozhong,Development
35618,Auyong,Arie,Development
35626,Axelband,Yishay,Development
35647,Pulkowski,Vishv,Sales
35659,Armand,Gro,Sales
35667,Srimani,Hyuckchul,Development
35686,Crouzet,Nectarios,Sales
35706,Schwabacher,Gererd,Development
35736,Pargas,Tonny,Development
35748,Falby,Sangeeta,Development
35755,Zultner,Xudong,Development
35757,Bojadziev,Magdalena,Development
35780,Tyugu,Duro,Sales
35797,Hiroyama,Emran,Development
35830,McFarlan,Magy,Development
35847,Attimonelli,Serif,Development
35860,Zschoche,Conrado,Development
35865,Fujisaki,Claudi,Development
35867,Henseler,Sumant,Development
35916,Talmon,Wonhee,Development
35939,Demri,Hiroyasu,Sales
35947,Keohane,Deborah,Development
35955,Versino,Cristinel,Development
35960,Danlos,Adam,Sales
35989,Crelier,Dmitri,Sales
36032,Luck,Mikhail,Sales
36042,Prochazka,Chaitali,Sales
36048,Marrakchi,Isaac,Development
36055,Rubsam,Changho,Sales
36073,Gire,Shirish,Sales
36081,Biron,Premsyl,Development
36085,Schwabacher,King,Sales
36109,Farrag,Masaki,Development
36159,Glinert,Theron,Development
36174,Escriba,Saeko,Development
36178,Valette,Bernt,Sales
36205,Falco,Kwangjo,Sales
36246,Cummings,Kaijung,Development
36303,Anandan,Amstein,Development
36323,Nourani,Gad,Development
36340,Speek,Xiaoqiu,Development
36355,Alblas,Aleksandar,Development
36409,Litzler,Pintsang,Development
36410,Steenbeek,Navin,Sales
36425,Zedlitz,Yishay,Development
36441,Pearson,Dekang,Development
36448,Billawala,Pantung,Sales
36458,Garnier,Willard,Sales
36491,Luon,Margareta,Development
36500,Picci,Sachin,Development
36516,Piazza,Qiwen,Development
36525,Aseltine,Dinkar,Development
36537,Kawashima,Adin,Development
36543,Hennebert,Chriss,Development
36555,Rothenberg,Takahiro,Sales
36564,Peyn,Guttorm,Development
36585,Aamodt,Menkae,Sales
36591,Goodrum,Heeju,Sales
36599,Munck,Genevieve,Development
36617,Sullins,Xiaobin,Development
36620,Itzigehl,Arno,Sales
36633,Lortz,Yonghong,Sales
36656,Matzel,Maren,Development
36688,Mateescu,Cristinel,Development
36692,Guerreiro,Bedir,Development
36698,Shackel,Aksel,Sales
36705,Berztiss,Zissis,Development
36709,Hettesheimer,Tsuneo,Development
36727,Greibach,Zhaofang,Development
36760,Norsworthy,Fumiyo,Development
36761,Hinsberger,Zeljko,Development
36780,Schnabel,Annemarie,Development
36788,Ulupinar,Kwee,Development
36791,Rabejac,Kinh,Sales
36795,Einsfeld,Nidapan,Sales
36799,Murtagh,Tetsushi,Development
36819,Parveen,Tadahiro,Sales
36843,Gopalakrishnan,Masali,Development
36859,Delgrande,Lalit,Development
36870,Luff,Jianhao,Development
36871,Gecsei,Yechezkel,Development
36873,Reghbati,Berna,Development
36874,Aloia,Genki,Sales
36877,Ranst,Shahaf,Sales
36880,Setlzner,Dzung,Sales
36895,Ozeri,Abdulla,Development
36917,Karunanithi,Kolar,Development
36918,Shimshoni,Howell,Development
36930,Vasanthakumar,Sadegh,Development
36936,Kamble,Rafols,Development
36953,Butner,Lihong,Sales
36965,Munch,Yechiam,Development
36968,Siprelle,Shin,Sales
36987,Erde,Brigham,Sales
36998,Maliniak,Phule,Sales
37048,Eldridge,Fai,Development
37068,Delgrande,Xiaoqiang,Sales
37075,Zockler,Kwangjo,Development
37077,Verspoor,Rafail,Development
37082,Zastre,Munehiro,Development
37087,Angel,Claudi,Sales
37100,Waeselynck,Jaber,Development
37101,Pappas,Jaewon,Sales
37103,Pileggi,Kazuhira,Development
37120,Masada,Kasidit,Development
37131,Koblitz,Conor,Development
37151,Biros,Leaf,Development
37171,Lorys,Nathalie,Development
37180,Rebaine,Arup,Sales
37219,Granlund,Akhilish,Sales
37231,Leonhardt,Vidya,Sales
37236,Luby,Ranan,Sales
37244,Iacovou,Sampalli,Sales
37245,Gyimothy,Along,Sales
37258,Goodrum,Fabrizio,Development
37263,Rotem,Aris,Sales
37265,Ellozy,Bokyung,Development
37267,Falster,Itzchak,Sales
37270,Bharadwaj,Deborah,Development
37312,Gecsei,Arie,Sales
37318,Isard,Alejandro,Sales
37343,Kleiser,Geoff,Sales
37348,Ratzlaff,Zhiguo,Sales
37372,Peot,Dietrich,Sales
37388,Ramamoorthy,Ziya,Development
37406,Cincotta,Rildo,Development
37407,Cochrane,Danae,Development
37410,Lunt,Mingdong,Sales
37413,Gill,Jagoda,Development
37426,Farrag,Masaki,Sales
37454,Bernardeschi,KayLiang,Sales
37466,Barinka,Mabhin,Development
37504,Maquelin,Mack,Development
37507,Quittner,Kamran,Sales
37518,Rassart,Nahum,Development
37577,Narwekar,Mansur,Sales
37580,Georg,Alair,Sales
37600,Engelmann,Kerhong,Sales
37606,Gecsei,Kwun,Development
37612,Sridhar,Etsuo,Development
37627,Ladret,Jasminko,Sales
37648,Luef,Sreenivas,Sales
37659,Armand,Florina,Development
37674,Sinitsyn,Vitali,Sales
37675,Marshall,Chikara,Development
37716,Hutton,Gill,Development
37717,Lichtman,Arunachalam,Sales
37720,Samarati,TRUE,Development
37751,DuBourdieux,Jacopo,Sales
37791,Schaaf,Ebbe,Development
37792,Esteva,Shem,Development
37814,Salvesen,Adel,Sales
37832,Choobineh,Jaber,Development
37849,Maginnis,Jayesh,Sales
37850,Underwood,Bikash,Development
37851,Vecchi,Lidong,Development
37882,Mellouli,Alexius,Sales
37887,Molberg,Limsoon,Development
37891,Munro,Sumali,Development
37908,Mersereau,Mohua,Development
37910,Danley,Kwangyoen,Development
37914,Rosch,Yinlin,Development
37937,Pero,Xiahua,Sales
37948,Zykh,Jayson,Sales
37970,Woycyznski,Cathie,Sales
37975,Onuegbe,Garnet,Development
37977,Scallan,Nahid,Sales
38011,Fadgyas,Jongsuk,Sales
38019,Yoshimura,Charlene,Sales
38076,Flowers,Kiyotoshi,Sales
38083,Farrel,Evgueni,Development
38114,Lukaszewicz,Leen,Development
38117,Hiraishi,Stevo,Sales
38123,Cummings,Kien,Sales
38128,Gajiwala,Udo,Development
38139,Oaver,Dmitry,Development
38145,Munos,Nobuyoshi,Sales
38159,McAffer,Ashish,Development
38196,Khamsi,Munehiko,Development
38204,Azadmanesh,Jianwen,Sales
38211,Colorni,Franziska,Development
38226,Rodiger,Manu,Development
38243,Barreiro,Herbert,Development
38252,Benzaken,Tadahiro,Sales
38267,Armand,Abdelghani,Development
38268,Imataki,Maris,Development
38269,Vendrig,Shawna,Development
38283,Weiland,Sigeru,Development
38305,Bauknecht,Tomoyuki,Development
38323,Keirsey,Kiyotoshi,Development
38328,Muhlberg,Richard,Sales
38335,Malabarba,Masaru,Development
38347,Woycyznski,Tzu,Sales
38400,Ponthieu,Jaber,Development
38431,Ferretti,Masanao,Sales
38432,Harllee,Sreekrishna,Development
38453,Perfilyeva,Rafael,Development
38476,Neimat,Godehard,Development
38497,Hiltgen,Anyuan,Sales
38517,Farrow,Ult,Development
38553,Bage,Dinkar,Sales
38581,Gornas,Shan,Development
38608,Journel,Florian,Development
38618,Ibel,Houman,Sales
38677,Trumbly,Teiji,Sales
38679,Bael,Zvonko,Development
38697,Warwick,Hercules,Development
38700,Figueira,Deniz,Development
38701,Irland,Kristian,Development
38715,Dayana,Jianhua,Development
38716,Perin,Toshimo,Development
38720,Khalil,Kwan,Development
38740,Matzat,Michaela,Sales
38747,Guerreiro,Kenton,Development
38761,England,Feiyu,Development
38810,Roccetti,Pohua,Sales
38824,Rindone,Shounak,Development
38838,Xiaoshan,Candida,Development
38842,Mukaidono,Alper,Development
38847,Waterhouse,Ugo,Development
38851,Stassinopoulos,Deborah,Development
38852,Lorys,Niranjan,Sales
38878,Champarnaud,Hauke,Sales
38905,Pearson,Arnould,Development
38915,Hanratty,Divine,Sales
38916,Kroll,Hein,Development
38942,Xiaoshan,Danco,Sales
38951,Rijckaert,Terresa,Sales
39018,Harllee,Irena,Development
39043,Ferretti,Kersti,Development
39051,Madeira,Tran,Development
39055,Varman,Remko,Development
39087,Luders,Marin,Development
39092,Butterworth,Vojin,Development
39134,Vidal,Reinhard,Development
39143,Salverda,Flemming,Sales
39188,Bresenham,Apostol,Development
39224,Chenney,Moss,Development
39236,Nivat,Faiza,Sales
39237,Fabrizio,Sugwoo,Development
39321,Wilfing,Arie,Development
39323,Ratnaker,Zita,Development
39409,Leslie,Zhilian,Development
39444,Majewski,Huican,Sales
39447,Kroha,Jinpo,Development
39474,Kilgore,Zorica,Sales
39481,Ratnakar,Mokhtar,Development
39506,Lubachevsky,Hatsukazu,Development
39526,Rouquie,Sadok,Development
39587,Hoppenstand,Irena,Development
39595,Ramras,Vishv,Development
39616,Bael,Marjo,Development
39631,Simmel,Jiafu,Sales
39648,Lanphier,Gad,Sales
39652,Keirsey,Kitty,Development
39656,Nannarelli,Annemarie,Sales
39674,Atrawala,JoAnna,Development
39684,Dratva,Kokou,Sales
39705,Vidal,Kinh,Development
39712,Muchinsky,Chirstian,Sales
39735,Ashish,Morris,Development
39747,Montresor,Pohua,Development
39756,Litecky,Dmitri,Sales
39780,Gyorkos,Alain,Development
39806,Rosenbaum,Shuzo,Sales
39808,Varley,Tayeb,Development
39844,Asser,Arco,Development
39852,Guenter,Willard,Sales
39854,McClurg,Sanjay,Development
39880,Karunanithi,Turgut,Sales
39883,Luan,Moriyoshi,Development
39890,Valiente,Sanjai,Sales
39909,Ozeki,Nectarios,Sales
39917,Besselaar,Guoxiang,Development
39933,Bennet,Deborah,Sales
39940,Hiraishi,Kazuhisa,Development
39941,Tanemo,Gino,Development
39966,Beidas,Utpal,Sales
39970,Sgarro,Sachar,Sales
39971,Antonisse,Odoardo,Sales
39992,Gadepally,Mohit,Sales
40004,Stiles,Anneke,Development
40018,Beidas,Yongmao,Development
40021,Delgrande,Parto,Development
40035,Kleiser,Anyuan,Sales
40057,Kalloufi,Ghassan,Sales
40156,Cooman,Dhritiman,Sales
40161,Guardalben,Premsyl,Development
40169,Isaac,Remco,Sales
40205,Provine,Genevieve,Development
40217,Shokrollahi,Padma,Sales
40225,Schieder,Shakhar,Sales
40226,Benantar,Hyuncheol,Sales
40245,Bael,Yucai,Sales
40259,Hartvigsen,Mana,Sales
40313,Staylopatis,Turgut,Development
40318,Vingron,Shin,Development
40360,Miyakawa,Harjit,Development
40389,Kobuchi,Mong,Sales
40417,Sundgren,Gian,Sales
40427,Merks,Aloke,Development
40432,Linnainmaa,Leucio,Sales
40450,Kakkad,Shan,Development
40455,Rubsam,Weidon,Sales
40463,Tokunaga,Rafail,Development
40464,Brender,Yakichi,Development
40465,Brendel,Khoa,Development
40471,Straney,Shir,Development
40484,Chiodo,Aria,Development
40486,Kopetz,Leen,Development
40515,Dengi,Magdalena,Development
40520,Gajiwala,Danny,Development
40528,Litvinov,Yannik,Development
40551,Terkki,Lillian,Development
40556,Baaz,Murthy,Development
40563,Munos,Hongzhu,Development
40574,Ratnakar,Susumu,Development
40587,Genin,Xiping,Development
40597,Limongiello,Fumiyo,Development
40615,Karner,Jacopo,Development
40622,Ulupinar,Lubomir,Development
40639,Schnabel,Goo,Sales
40641,Papadias,Eishiro,Sales
40660,Erbe,Piyush,Development
40672,Pfau,Yinlin,Development
40685,Bugrara,Shawna,Sales
40696,Siprelle,Torsten,Development
40714,Covnot,Lijie,Sales
40739,Itzfeldt,Kazuhiko,Sales
40760,Yetto,Munehiro,Sales
40764,Senzako,Shuky,Sales
40779,Begiun,Itzchak,Development
40782,Bodoff,Mitchel,Development
40802,Ecklund,Baocai,Development
40824,Kleiser,Serap,Development
40829,Mitzlaff,Jianhui,Sales
40834,Fritzsche,Elzbieta,Development
40853,Guardalben,Terresa,Development
40872,Cunliffe,Qunsheng,Development
40881,Acton,Hatem,Development
40891,Kaltofen,Jinya,Sales
40977,Sinicrope,Elvia,Sales
41001,Flowers,Kensei,Development
41074,Siochi,Leen,Sales
41076,Garigliano,Maik,Sales
41116,Azadmanesh,Mihalis,Development
41122,Hoppenstand,Guenter,Sales
41140,Bail,Tonny,Sales
41147,Chimia,Abdelaziz,Development
41150,Monarch,Yurii,Development
41157,Valiente,Jeanne,Development
41173,Aseltine,Maren,Development
41187,Maquelin,Jacqueline,Sales
41197,Stille,Vesna,Sales
41198,Christianini,Janalee,Development
41200,Leppanen,Huei,Development
41201,Munch,Kazuhito,Sales
41205,Cusworth,Charlene,Sales
41228,Hebert,Jacopo,Development
41239,Rajaraman,Malu,Sales
41251,Glinert,Arne,Sales
41265,Poulakidas,Torsten,Sales
41274,Giveon,Mari,Development
41280,Czap,Felicidad,Sales
41283,Tetzlaff,KayLiang,Development
41292,Thombley,Premsyl,Development
41298,Cesareni,Elvia,Sales
41304,Ulupinar,Kristian,Development
41313,Nitto,Gino,Development
41374,Schurmann,JiYoung,Development
41399,Broomell,Xiaoheng,Development
41404,Isaak,Marco,Sales
41410,Munch,Kwangho,Sales
41420,Domenig,IEEE,Sales
41422,Ramamoorthy,Franziska,Development
41428,Bierbaum,Shai,Sales
41432,Dymetman,Basim,Development
41441,Shigei,Pasqua,Development
41463,McClurg,Trygve,Sales
41519,Garigliano,Domenick,Development
41527,Oxman,Hisao,Development
41544,Simmel,Rayond,Development
41554,Halloran,Rajmohan,Sales
41583,Thorensen,Holgard,Development
41593,Grabner,Susuma,Development
41643,Tempesti,Sampalli,Development
41644,Marakhovsky,Georg,Sales
41665,Denos,Juyoung,Development
41667,Facello,Barna,Development
41673,Matzel,Armond,Development
41682,Ecklund,Alselm,Sales
41710,Haldar,Weiru,Sales
41717,Rothe,Dines,Development
41718,Miyakawa,Naraig,Development
41746,Greenaway,Zita,Development
41759,Lagarias,Charmane,Sales
41767,Thiran,Leszek,Development
41772,Decaestecker,Leon,Sales
41798,Akaboshi,Margareta,Development
41824,Luby,Kendra,Development
41857,Beznosov,Munehiko,Sales
41871,Waeselynck,Stevo,Development
41885,Validov,Val,Sales
41909,McAlpine,Toshimitsu,Development
41917,Schlumberger,Fumitake,Sales
41934,Bratten,Lansing,Sales
41944,Parhami,Vishwani,Development
41983,Wixon,Luise,Development
41988,Goodrum,Wonhee,Development
42007,Pokrovskii,Tsz,Sales
42020,Matzat,Nobuyoshi,Development
42033,Compeau,Reuven,Development
42046,Millington,Waiman,Development
42047,Ambroszkiewicz,Sahrah,Development
42059,Czap,Jianhui,Development
42082,Compeau,Gritta,Sales
42088,Kalsbeek,Zhiguo,Development
42145,Socorro,Roddy,Development
42174,Schahn,Vishv,Development
42184,Kusalik,Prasadram,Development
42208,Guenter,Gao,Sales
42237,Jenevein,Percy,Development
42239,Servieres,Elvis,Development
42243,Fendler,Jaana,Development
42268,Danner,Claude,Development
42274,Grospietsch,Gal,Development
42276,Brattka,Emran,Development
42286,Heering,Yannik,Development
42298,Kalefeld,Tru,Development
42333,Hainaut,Woody,Sales
42341,Cangellaris,Haldun,Development
42352,Chaudhuri,Tuval,Development
42371,Mersereau,Pragnesh,Sales
42402,Rosis,Gererd,Development
42410,Falster,Marjo,Development
42434,Lagarias,Diederik,Sales
42444,Kobuchi,Seongbin,Sales
42460,Vrecion,Angel,Development
42471,Molenaar,Susanna,Development
42498,Bojadziev,Limsoon,Development
42504,Nastansky,Krisda,Development
42516,Berstel,Larisa,Development
42520,Wiegley,Frazer,Development
42583,Henseler,Joydip,Development
42590,Billawala,Basim,Development
42591,Eppinger,Lakshmi,Development
42606,Hartvigsen,Moti,Sales
42623,Decleir,Tayeb,Development
42642,Broder,Bluma,Sales
42681,Molenkamp,Radhakrishnan,Development
42691,Piveteau,Yongdong,Sales
42698,Perng,Lokesh,Sales
42708,Petereit,Hitomi,Sales
42746,Billawala,Manu,Development
42768,Yoshizawa,Gita,Sales
42773,Zirintsis,Claude,Development
42817,Ulupinar,Mohd,Sales
42818,Jenevein,Radhakrishnan,Development
42821,Anily,Xumin,Development
42839,Cannard,Remzi,Sales
42850,Kornyak,Demos,Development
42892,Suppi,Faiza,Sales
42906,Silva,Sudhanshu,Sales
42929,Hegner,Sven,Development
42930,Berztiss,Izaskun,Development
42933,Pleszkun,Zhiwei,Development
42936,Nitsche,Chuanti,Sales
42942,Bolotov,Mansur,Development
42980,Businaro,Karoline,Sales
43013,Petersohn,Mechthild,Sales
43014,Olivero,Vitali,Sales
43038,Nooteboom,Chaoyi,Sales
43040,Nittel,Ulises,Sales
43044,Gustavson,Masako,Development
43058,Pearson,Hauke,Development
43065,Vitiello,Chinya,Development
43068,Halloran,Nikolaos,Development
43072,Chelton,Sampalli,Development
43073,Andreotta,Urs,Development
43078,Wuwongse,Radhia,Sales
43082,Lunt,Janche,Development
43089,Ferriere,Pantung,Sales
43107,Verspoor,Tooru,Sales
43108,Perz,Nevin,Development
43161,Percebois,Ranan,Development
43181,Iisaka,Hugh,Sales
43189,Ranft,Oscal,Development
43200,Plessier,Geraldo,Sales
43207,Shihab,Itzchak,Sales
43215,Garnham,Richara,Development
43222,Angelopoulos,Lenore,Sales
43241,Kisuki,Adam,Sales
43249,Vitiello,Bedrich,Sales
43273,Hiltgen,Charmane,Development
43300,Aseltine,Francesca,Development
43306,Zweizig,Frederique,Development
43308,Validov,Hauke,Development
43318,Boyle,Rasikan,Development
43353,Arlazarov,Mang,Development
43373,Serov,Wanqing,Development
43387,Syang,Fuqing,Sales
43404,Maraist,Yoshimitsu,Development
43417,Hutton,Yolla,Development
43438,Zultner,Sampalli,Sales
43445,Calkin,Sudhanshu,Sales
43448,Preusig,Gilbert,Development
43482,Pauthner,Jiann,Sales
43487,Ducloy,Kristof,Sales
43489,Mullainathan,Arve,Sales
43508,Trachtenberg,Mostafa,Development
43584,Pokrovskii,Houman,Development
43594,Hoogerwoord,Moni,Sales
43605,Rodite,Boalin,Sales
43624,Pesch,Tokuyasu,Sales
43651,Fontet,Sukumar,Sales
43659,Pouyioutas,Aron,Sales
43678,Bernick,Shawna,Sales
43689,Bugrara,Almudena,Sales
43691,Baalen,Kazuhira,Development
43708,Streng,Zhongwei,Development
43709,Munck,Mohua,Sales
43716,Felder,Odysseas,Sales
43727,Kilgore,Mats,Development
43745,Thambidurai,Temple,Sales
43756,Himler,Minghong,Sales
43779,Segond,Christophe,Development
43807,Biros,Mabry,Development
43907,Otillio,Zhonghua,Sales
43932,Seiwald,Zhensheng,Development
43945,Thisen,Guozhong,Development
43946,Swist,Kankanahalli,Development
43965,Hasham,Syozo,Sales
43969,Benzmuller,Sajjad,Development
44009,Quadeer,Sudharsan,Development
44011,Karner,Panayotis,Development
44015,Limongiello,Yuguang,Sales
44042,Ladret,Susuma,Sales
44060,Brattka,Luigi,Development
44070,Onuegbe,Luerbio,Sales
44099,Gruenwald,Shridhar,Sales
44111,Streit,Sugwoo,Sales
44125,Conia,Douadi,Sales
44130,Winter,Zongyan,Development
44164,McClure,Becky,Development
44165,Heuser,Greger,Development
44178,Schmezko,Jackson,Sales
44184,Birnbaum,Maya,Development
44186,Vesel,Kendra,Sales
44189,Mitzlaff,Shaibal,Development
44193,Billingsley,Fatemeh,Development
44224,Selenyi,Shietung,Development
44229,Luft,Bojan,Development
44240,Famili,Deniz,Development
44292,Georg,Alexius,Development
44302,Zolotykh,Nishit,Sales
44326,Verspoor,Dmitri,Sales
44334,Baezner,Lidong,Development
44354,Garnier,Basant,Development
44366,Chinal,Alois,Sales
44397,Mitsuhashi,Moon,Development
44445,Heinisuo,Sreenivas,Development
44454,Besancenot,Toshimo,Sales
44459,Panienski,Aluzio,Sales
44462,Rando,Sanjai,Sales
44465,Teitelbaum,Brigham,Sales
44472,Snyers,Mingdong,Development
44484,Gelosh,Pasqua,Sales
44520,Engberts,Baruch,Development
44539,Buchter,Kwangjo,Sales
44589,Lanzelotte,Iara,Development
44591,Laventhal,Karlis,Development
44607,Valtorta,Sachem,Sales
44622,Zykh,Maris,Development
44682,Boissier,Souichi,Sales
44691,Montresor,Munir,Sales
44716,Haddadi,Georgy,Development
44721,Zielinski,Dinah,Development
44734,Vandervoorde,Shay,Development
44735,Gurbaxani,Weiye,Sales
44737,Juneja,Vishu,Development
44740,Uhrik,Georg,Development
44750,Coors,Bernice,Sales
44785,Kriebel,Phule,Sales
44806,Schwabacher,Vishu,Development
44821,Covnot,Martien,Development
44825,Streng,Gil,Development
44856,Seuren,Amabile,Sales
44873,Raczkowsky,Eberhardt,Sales
44875,Reinhart,Goh,Sales
44883,Cichocki,Kagan,Development
44891,Zaumen,Cheong,Development
44924,Azevdeo,Divier,Sales
44938,Potthoff,Valdiodio,Sales
44954,Nitta,Adhemar,Development
44955,Kawashima,Aram,Development
44963,Gimbel,Amabile,Development
44965,Suppi,Tetsurou,Development
45005,Blokdijk,Tamiya,Sales
45006,Liedekerke,Vishv,Development
45014,Orsini,Souichi,Sales
45055,Radhakrishnan,Xiaobin,Development
45062,Hammerschmidt,Aemilian,Sales
45069,Valette,Lenore,Development
45070,Frolund,Ennio,Development
45085,Sidou,Toshimi,Development
45092,Chandrasekhar,Francesca,Sales
45121,Christianini,Menkae,Development
45138,Karcich,Miomir,Sales
45172,Radhakrishnan,Saeko,Development
45174,Pollacia,Ravishankar,Development
45200,Chvatal,Teunis,Development
45204,Candan,Alexius,Development
45216,Ballarin,Gou,Development
45232,Senzako,Chaosheng,Development
45256,Puppo,Berry,Sales
45269,Avouris,Arve,Sales
45290,Varman,Thanasis,Development
45311,Talmor,Zengping,Sales
45313,Schusler,DAIDA,Sales
45318,Dalton,Franziska,Development
45331,Peot,Keung,Development
45333,Waeselynck,Leszek,Development
45344,Servieres,Shigeo,Development
45352,Zallocco,Yuichiro,Development
45363,Hainaut,Kenroku,Development
45377,Flasterstein,Temple,Sales
45382,Stassinopoulos,Yoshimitsu,Development
45390,Alameldin,Sedat,Sales
45432,Barreiro,Richard,Sales
45436,Limongiello,Gila,Sales
45460,Rande,Mang,Development
45466,Tomescu,Guiseppe,Sales
45467,Bahk,Huican,Development
45479,Krupka,Ferdinand,Development
45488,Shackel,Shigehiro,Sales
45507,Lamparter,Xiong,Development
45514,Alpin,Jessie,Sales
45534,Jullig,Perla,Sales
45537,Wissmann,Ottavia,Development
45546,Lanphier,Gopalakrishnan,Sales
45552,Albarhamtoshy,Aloys,Sales
45557,Legleitner,Girolamo,Development
45618,Kandlur,Huiqun,Development
45634,Ghemri,Barry,Development
45639,Brendel,Yuichiro,Sales
45657,Hedayat,Jianhao,Development
45669,Boudaillier,Janalee,Development
45695,Kowalchuk,Danco,Development
45698,Melichar,Sanjoy,Sales
45788,Mitsuhashi,Shiv,Development
45797,Khalid,Chikara,Development
45803,Lanzelotte,Padma,Sales
45821,Dredge,Garnik,Development
45827,Schonegge,Ortrun,Development
45828,Litzkow,Panayotis,Development
45867,Denna,Hailing,Development
45875,Lorch,Sandeepan,Development
45895,Vural,Sajjad,Sales
45915,Gluchowski,Paddy,Sales
45919,Denti,Aemilian,Sales
45923,Xiaoshan,Masato,Sales
45924,Hettesheimer,Vidar,Development
45971,Welham,Chuanti,Development
45972,Bednarek,Rafael,Development
45973,Bernatsky,Mokhtar,Sales
45979,Colorni,Uno,Development
46004,Schlegelmilch,Toshimori,Development
46025,Demir,Yurii,Development
46028,Emmerich,Sakthirel,Sales
46059,DuCasse,Susumu,Sales
46090,Whittlesey,Iara,Development
46109,Kragelund,Kiyotoshi,Sales
46124,Barinka,Shunichi,Sales
46135,Brobst,Ramzi,Development
46191,Pocchiola,Hilari,Development
46203,Dymetman,Ferdinand,Development
46236,Edelhoff,Thodoros,Development
46250,Decleir,Yefim,Sales
46260,Karlin,Tze,Development
46266,Carrera,Kiam,Development
46281,Berztiss,Rosine,Development
46305,Lamba,Yakichi,Development
46318,Vieth,Susumu,Development
46345,Kolvik,Ortrun,Development
46347,Standera,Nadjib,Development
46356,Przulj,Sham,Sales
46425,Leivant,Martina,Development
46439,Junet,Ibibia,Sales
46457,Keohane,Alenka,Development
46484,Rabehasaina,Neelam,Sales
46548,Schlenzig,Uno,Development
46562,Panangaden,Tiina,Development
46567,Kirkerud,Khatoun,Sales
46574,Sinitsyn,Yuping,Sales
46587,Baaleh,Macha,Sales
46603,Miara,Tesuya,Sales
46619,Docker,Taizo,Sales
46622,Krzyzanowski,Filipp,Development
46635,Frezza,Saeed,Development
46636,Munawer,Chaoyi,Development
46646,Cesareni,Subir,Development
46680,Fairtlough,Phuoc,Sales
46683,Wynblatt,Ger,Sales
46685,Takanami,Valter,Development
46714,Cronin,Goa,Development
46730,Flexer,Lakshmi,Development
46749,Lamparter,Gaetan,Development
46753,Miake,Bangqing,Development
46755,Frezza,Jenwei,Sales
46757,Delgrange,Supot,Development
46773,Parveen,Vojin,Development
46814,Kushnir,Sergi,Development
46838,Marzano,Yakichi,Sales
46853,Walston,Aiichiro,Sales
46858,Gente,Lubomir,Sales
46864,Sooriamurthi,Ferdinand,Sales
46881,Ranai,Sadun,Development
46910,Maccarone,Marsja,Sales
46959,Haldar,Dulce,Development
46964,McClure,Tiina,Development
46972,Rahimi,Srinidhi,Sales
46974,Melski,Shigehiro,Development
46984,Kandlur,Pascal,Development
47005,Selvestrel,Eric,Sales
47008,Narlikar,Radhika,Development
47010,Nannarelli,Goh,Sales
47013,Straney,Kerhong,Development
47022,Terlouw,Mostafa,Sales
47044,Ushiama,Jongsuk,Development
47047,Nourani,Shugo,Development
47056,Marciano,Parto,Sales
47061,Servi,Kinh,Sales
47094,Shimshoni,Leni,Development
47116,Rosar,Oscar,Sales
47137,Marchegay,Valter,Sales
47148,Baezner,Makato,Development
47166,Bade,Chiranjit,Development
47177,Thimonier,Harjit,Sales
47206,Eterovic,Adin,Sales
47215,Swen,Zhenbing,Development
47226,Lammel,Limsoon,Development
47265,Birke,Chikako,Sales
47282,Herath,Mihalis,Development
47286,Kamble,Yinlin,Sales
47288,Ratnaker,Nishit,Sales
47293,Beidas,Unal,Development
47332,Marzano,Yahiko,Development
47340,Pokrovskii,Jaber,Development
47414,Ratnakar,Youjian,Development
47446,Matzke,Werner,Development
47466,Biron,Mayuri,Development
47497,Biran,Uzi,Development
47553,Zallocco,Falguni,Development
47554,Dechter,Kinh,Development
47593,Awdeh,Christfried,Sales
47640,Barreiro,Persi,Development
47736,Heping,Emran,Development
47737,Speek,Kensei,Development
47740,Linares,Tamiya,Sales
47763,Basart,Yagil,Sales
47764,Demri,Nadjib,Sales
47770,Sridhar,Conrado,Sales
47794,Zastre,Jordanka,Development
47821,Mitina,Raimond,Development
47825,Chelton,Yakichi,Sales
47849,Munke,Gao,Development
47852,Basart,Anyuan,Development
47876,Orlowska,Shigeaki,Sales
47925,Kamble,Angel,Sales
47928,Zweizig,Zhensheng,Development
47930,Coors,Apostol,Development
47958,Tibblin,Jaques,Development
47960,Roccetti,Denis,Development
47965,Remmers,Kotesh,Sales
47969,Rosis,Tuval,Sales
47981,Peng,Barna,Development
48020,Strandh,Nobuyoshi,Development
48028,Bach,Steve,Development
48031,Klassen,Bezalel,Development
48044,Luga,Zhonghui,Sales
48058,Peltason,Duke,Development
48071,Dulay,Rafail,Sales
48081,Speel,Werner,Sales
48092,Furudate,Shuichi,Sales
48116,Suomi,Jianhao,Development
48127,Thisen,Barna,Development
48129,Standera,Froduald,Development
48139,Bultermann,Perry,Sales
48161,Gustavson,Khalid,Development
48177,Chinal,Xudong,Development
48185,Pusterhofer,Adel,Development
48221,Gist,Willard,Development
48233,Simmel,Ugo,Sales
48240,Lamba,Mooi,Development
48243,Riesenhuber,Juyoung,Development
48254,Gomatam,Chenyi,Development
48267,Validov,Serenella,Development
48285,McAlpine,Siamak,Development
48286,Ranum,Roded,Sales
48337,Fontet,Martine,Development
48371,Krupka,Valery,Sales
48379,Boudaillier,Yuichiro,Development
48403,Krider,Hongzue,Sales
48405,Gustavson,Mona,Development
48407,Gischer,Theirry,Development
48412,Melski,Aimee,Sales
48436,Lanteri,Yakkov,Sales
48444,Heuter,Jeanne,Development
48503,Gammage,Pranas,Development
48521,Tzvieli,Yurij,Development
48525,Eastman,Heeju,Development
48534,Bultermann,Mountaz,Sales
48562,Cmelik,Tokuyasu,Sales
48577,Piazza,Peternela,Sales
48578,Luiz,Ymte,Development
48602,Matheson,Seongbae,Development
48604,Potthoff,Martins,Development
48621,Reghbati,Mircea,Sales
48626,Munro,Jianwen,Development
48630,Yurek,Pramod,Sales
48632,Butterworth,Mingsen,Development
48641,Murtagh,Toney,Sales
48651,McClurg,Vitaly,Sales
48658,Lally,Ravishankar,Development
48672,Servi,Mantis,Sales
48682,Sessa,Karoline,Sales
48683,Garnham,Peer,Sales
48696,Giarratana,Irena,Sales
48726,Isaac,Amstein,Development
48736,Cunliffe,Feixiong,Development
48757,Gecseg,Stella,Sales
48772,Hoogerwoord,Sanjai,Development
48785,Pappas,Zhenhua,Development
48803,Bhattacharjee,Yuuichi,Development
48818,Welham,Monique,Sales
48834,Ferriere,Felicidad,Sales
48838,Meszaros,Gay,Sales
48840,Alpay,Gay,Development
48841,Busillo,Krisda,Development
48862,Farrag,Kersti,Sales
48946,Shobatake,Marsja,Sales
48970,Collette,Kazuhito,Sales
48984,Cronan,Ebru,Sales
48999,Neimat,Boriana,Development
49002,Verspoor,Indrajit,Development
49003,Laventhal,Odoardo,Sales
49047,Pargaonkar,Dannz,Development
49053,Plumb,Gila,Development
49062,Zumaque,Hailing,Development
49073,Kavvadias,Luise,Development
49075,Orlowska,Ravishankar,Development
49077,Siprelle,Kasturi,Sales
49091,Papadias,Mabry,Development
49096,Picel,Christoper,Sales
49115,Engelmann,Xinan,Sales
49128,Kuzuoka,Sarita,Sales
49130,Bage,Pohua,Development
49194,Plesums,Nigel,Sales
49202,Chiola,Zhaofang,Sales
49227,Clouatre,Anestis,Sales
49235,Shiratori,Heather,Development
49236,Grandbois,Feiyu,Development
49242,Erman,Hongzue,Development
49262,Fairtlough,Willard,Sales
49264,Landherr,Hsiangchu,Development
49266,Portugali,Valeri,Development
49280,Oxman,Tse,Development
49294,Peltason,Mads,Sales
49301,Schnabel,Kien,Development
49306,Iwayama,Tuval,Development
49310,Assaf,Yechiam,Sales
49315,Gihr,Debaprosad,Sales
49335,Breugel,Gunilla,Sales
49353,Lorys,Kristin,Development
49385,Egerstedt,Vesna,Development
49430,Erez,Nathan,Development
49436,Nitsche,Chanjung,Development
49438,Krichel,IEEE,Development
49496,Butner,Jaewoo,Sales
49501,Schmezko,Yonghong,Development
49509,Samarati,Roselyn,Development
49515,Schmiedel,Feipei,Sales
49524,Brender,Saniya,Sales
49527,Coors,Nigel,Development
49537,Dulli,Minghong,Development
49551,Ponthieu,Dipankar,Development
49565,Spell,Radhika,Development
49594,Eiron,Morris,Development
49599,Gente,Pradeep,Sales
49624,Mitsuhashi,Falguni,Development
49660,Chinin,Oscar,Development
49667,Pashtan,Sakthirel,Sales
49682,Murtha,Toshimori,Sales
49696,Bondorf,Sandeepan,Sales
49708,Jansch,Nagui,Development
49715,Lieblein,Shunichi,Development
49753,Domenig,Barton,Development
49795,Vitiello,Marsha,Sales
49811,Kavanagh,Toshiki,Sales
49813,Solares,Sigeru,Development
49827,Barinka,Kazuhide,Development
49861,Zykh,Rosalyn,Sales
49894,Barvinok,Wilmer,Development
49902,Hiroyama,Hairong,Development
49920,Babu,Dekang,Sales
49930,Conte,Girolamo,Sales
49940,Wallrath,Anyuan,Development
49992,Dayana,Marsha,Development
50002,Gecsel,Dannz,Sales
50006,Yeung,Charmane,Development
50019,Neiman,Aloke,Development
50034,Muhling,Jixiang,Development
50046,Lyonns,Jiakeng,Sales
50071,Baalen,Khue,Development
50072,Schnabel,Vincent,Sales
50075,Muntz,Shaz,Sales
50083,Waymire,Patricio,Sales
50093,Improta,Irene,Development
50102,Boudaillier,Adib,Development
50103,Verspoor,Randy,Sales
50135,Hebert,Clyde,Sales
50199,Schreiter,Yishai,Development
50204,Beutelspacher,Mayuko,Sales
50207,Huxford,Feiyu,Sales
50234,Felder,Abdelkader,Development
50236,Cangellaris,Zhenbing,Development
50268,Borovoy,Danil,Sales
50274,Boudaillier,Horward,Sales
50285,Bernardeschi,Utz,Sales
50294,Cronan,Arto,Sales
50309,Rodite,Mostafa,Development
50344,Qiwen,Xiping,Development
50356,Knightly,Guoxiang,Sales
50369,Gils,Shmuel,Sales
50375,Kampfer,Tiina,Sales
50380,Schusler,Gino,Development
50393,Marzano,Lunjin,Development
50437,Beilner,Maha,Development
50446,Denti,Eberhardt,Development
50449,Alvarado,Jagoda,Development
50475,Hennebert,Paris,Development
50478,Benzmuller,Leni,Sales
50479,Ramsey,Mitsuyuki,Sales
50517,Snedden,Weidon,Sales
50522,Babu,Hongzhu,Sales
50578,Merle,Satosi,Development
50588,Swan,Ghassan,Sales
50590,Calkin,Leucio,Development
50594,Gulik,Mohit,Development
50613,Baig,Hidde,Development
50630,Baar,Sachem,Development
50639,Kruskal,Fumiko,Development
50659,Setia,Yuriy,Development
50672,Greenaway,Shen,Development
50677,Perfilyeva,Fei,Sales
50678,Chepyzhov,Udaiprakash,Sales
50694,Middleton,Sadun,Sales
50733,Nivat,Hironoby,Development
50736,Douceur,Ulf,Development
50750,DasSarma,Kristen,Development
50758,Isard,Mara,Sales
50824,Hoogerwoord,Dipayan,Development
50838,Skogmar,Adil,Sales
50843,Aumann,Uno,Development
50844,Pocchiola,Kousuke,Sales
50856,Melter,Hironoby,Development
50878,Ratnaker,Anneke,Development
50893,Garrabrants,Tayeb,Sales
50899,Gadepally,Pintsang,Sales
50906,Ibel,Djenana,Sales
50950,Rande,Jolita,Development
50952,Rathonyi,Abdulah,Sales
50953,Fiebach,Adhemar,Development
50954,Nations,Yishay,Development
50983,Grandbois,Hironobu,Sales
50995,Bala,Ugo,Sales
50997,Karunanithi,Arco,Development
51062,Narlikar,Werner,Sales
51078,Leuchs,Maia,Development
51082,Kobara,Patricio,Development
51092,Underwood,Mountaz,Development
51121,Bierbaum,Debaprosad,Sales
51126,Zirintsis,Gully,Sales
51150,Ferriere,Mona,Sales
51163,Strehl,Bilhanan,Sales
51165,Anily,Kazuyasu,Sales
51166,Ginesta,Xiaobin,Development
51175,Lorho,Mark,Sales
51177,Birsak,Hironoby,Development
51190,Zedlitz,Sivanarayana,Development
51194,Schach,Freyja,Development
51294,Pell,Tetsushi,Sales
51299,McClure,Demos,Development
51307,Parascandalo,Xiping,Sales
51313,Francisci,Alois,Sales
51323,Stanger,Yannis,Sales
51331,Pusterhofer,Jackson,Sales
51363,Sundgren,Georgy,Development
51400,Luca,KayLiang,Sales
51402,Kuhnemann,Vasiliy,Development
51404,Desikan,Lalit,Development
51413,Willoner,Changho,Sales
51414,Improta,Mohammed,Sales
51417,Serov,Troy,Development
51431,Merro,Debaprosad,Sales
51446,Uehara,Byong,Development
51455,Schnabel,Jinpo,Development
51493,Birsak,Lene,Development
51501,Range,Mikhail,Development
51503,Famili,Dietrich,Development
51507,Gubsky,Khalid,Sales
51520,Bierman,Goh,Sales
51548,Rahimi,Freyja,Development
51561,Docker,Marsha,Development
51571,Jervis,Yuichiro,Development
51573,Merlo,Marl,Sales
51574,Rouquie,Manohar,Development
51590,Sudbeck,Ung,Sales
51616,Rassart,Rafail,Sales
51619,Birke,Kensei,Development
51639,Czap,Abdelaziz,Sales
51640,Munro,Remco,Sales
51645,Stassinopoulos,Berto,Development
51651,Kaiserswerth,Valdiodio,Sales
51662,Varman,Shir,Development
51667,Bael,Ghassan,Development
51690,Norsworthy,Xiping,Sales
51772,Hofmeyr,Tristan,Development
51788,Chleq,Uzi,Development
51791,Kroft,Marjo,Sales
51792,Merkl,Aral,Sales
51812,Yoshizawa,Marit,Development
51863,Bennis,Idoia,Development
51896,Gornas,Theron,Development
51910,Chenoweth,Rosli,Sales
51916,Yetim,Jingling,Development
51919,Duclos,Mizuhito,Development
51949,Rosti,Pranav,Development
51969,Bharadwaj,Barna,Development
51980,Kabayashi,Feixiong,Development
51994,Pluym,Shigehito,Sales
51995,Roccetti,Zhongwei,Sales
52015,Raoux,Zeljko,Development
52054,Rubsam,Margo,Development
52069,Krohm,Conrado,Development
52071,Milicic,Xianlong,Sales
52098,Delaune,Martine,Development
52113,Hiroyama,Feixiong,Sales
52130,Besselaar,Kwangho,Development
52131,Collette,Tonny,Development
52144,Hoogerwoord,Gad,Development
52167,Copas,Bernd,Development
52185,Luders,Zvonko,Development
52196,Choobineh,Francesca,Development
52241,Porenta,Irene,Development
52252,Bade,Moty,Sales
52257,Fiutem,Anneke,Development
52271,Schaft,Nikolaus,Sales
52299,Baranowski,Shin,Development
52307,Suri,Michaela,Development
52310,Flexer,Yongmin,Sales
52342,Karcich,Niranjan,Sales
52343,Escriba,Zhaofang,Development
52348,Radwan,Junsik,Sales
52355,Merkl,Arto,Development
52356,Swist,Kazuhira,Sales
52391,Varker,Horward,Development
52411,Alpin,Elvis,Development
52413,Brobst,Qiwen,Development
52417,Rahimi,Eran,Development
52420,Pramanik,Badri,Sales
52454,Peyn,Marco,Development
52483,Boyle,Kazuhira,Development
52487,Shackel,Candido,Sales
52511,Luca,Zhanqiu,Sales
52518,Landherr,Lobel,Development
52530,Siochi,Sumali,Development
52539,Huttel,Shigeu,Sales
52548,Ritzmann,Mario,Development
52557,Kalsbeek,Aruna,Development
52564,Chenoweth,Shuky,Development
52593,Lichtman,Shridhar,Sales
52602,Coors,Giao,Development
52610,Tsukuda,Akhilish,Development
52611,Gente,Supot,Sales
52644,Picci,Geoffrey,Sales
52666,Holburn,Duri,Sales
52667,McConalogue,Pranav,Development
52676,Melton,Baruch,Development
52698,Mersereau,Magdalena,Development
52700,Ranze,Shin,Development
52726,Tagansky,Samphel,Development
52733,Atrawala,Supot,Development
52746,Neimat,Ingmar,Development
52752,Rajcani,Barna,Sales
52773,Rissland,Shounak,Sales
52812,Fujisawa,Jaber,Sales
52827,Deverell,Kasidit,Sales
52830,Peron,Kitty,Sales
52867,Lindenbaum,Yishay,Sales
52897,Isaac,Arnd,Development
52932,Lorin,Carrsten,Development
52944,Yavatkar,Gunilla,Development
52951,Solares,Hauke,Sales
52961,Niizuma,Arun,Development
52962,Cappelli,Hein,Sales
52964,Grandbois,Dmitri,Development
53012,Muchinsky,Yongdong,Sales
53030,Farrag,Aram,Sales
53059,Impagliazzo,Sachin,Sales
53080,Lamma,Yunming,Development
53090,Furedi,Kazuhisa,Sales
53092,England,Tetsushi,Sales
53103,Molenkamp,Nechama,Sales
53130,Poupard,Anestis,Development
53134,Fasbender,Shahid,Sales
53138,Schaaf,Parke,Development
53140,Swick,Xiong,Sales
53154,Akazan,Chaosheng,Development
53159,Cherinka,Jaewon,Development
53178,Melichar,Franziska,Development
53186,Penn,Martien,Development
53192,Savasere,Menkae,Development
53194,Unno,Lorien,Development
53201,Lagarias,Kien,Development
53204,Bernatsky,Nirmal,Sales
53217,Heystek,Shem,Development
53224,Mullainathan,Rasiah,Development
53243,Schach,Maren,Sales
53249,Binkley,Ziya,Development
53257,Baalen,Rosalie,Sales
53280,Zambonelli,Odysseas,Development
53298,Oskamp,Shay,Development
53334,Papadias,Xinan,Development
53358,Peac,Pasqua,Development
53412,Rassart,Dipayan,Sales
53418,Alencar,Hiroyasu,Sales
53426,Azadmanesh,Masadi,Sales
53430,Schneeberger,Marke,Development
53436,Mitsuhashi,Filipe,Development
53442,Riefers,Nathalie,Development
53455,Deville,Sariel,Development
53457,Kisuki,Rildo,Development
53459,Berstel,Salvador,Sales
53464,Andreotta,Odoardo,Sales
53489,Cherinka,Marko,Development
53509,Osgood,Radoslaw,Development
53530,Pintelas,Gully,Development
53539,Mansanne,Sangeeta,Development
53579,Gladwell,Tuval,Sales
53601,Felder,Avishai,Development
53633,Heinisuo,Masadi,Sales
53661,Wixon,Kaijung,Sales
53663,Segond,Mamdouh,Sales
53679,Litzkow,Aleksandar,Sales
53709,Zaumen,Kazuhisa,Development
53712,Bauknecht,Hidde,Development
53751,Jayawardene,Teruyuki,Sales
53760,Mateescu,Mong,Development
53768,Sabnani,Bojan,Development
53775,Peternell,Maya,Development
53779,Zielinski,Kellie,Development
53797,Perfilyeva,Hatem,Sales
53857,Itzfeldt,Nirmal,Development
53860,Masamoto,Nahid,Sales
53868,Angelov,Jixiang,Sales
53871,Hebert,Xudong,Sales
53928,Schreiter,Sahrah,Development
53943,Hagimont,Yannis,Development
53947,Henseler,Shooichi,Development
53977,Unno,Alper,Sales
54044,Muhling,Yuuichi,Sales
54055,Famili,Mitsuyuki,Sales
54063,Perna,Bedrich,Development
54089,Barriga,Sandeepan,Development
54105,Peck,Hidefumi,Sales
54110,Rotem,Subir,Sales
54114,Conde,Jouni,Development
54123,Bahk,Kien,Sales
54164,Penz,Sahrah,Sales
54182,Verhaegen,Debaprosad,Development
54207,Bhattacharjee,Radhika,Development
54216,Driscoll,Lech,Development
54226,Michaeli,Chinya,Development
54254,Ramsey,Jianwen,Development
54257,Molenaar,Satoru,Development
54307,Bondorf,Yuqun,Development
54311,Chappelet,Inderjeet,Development
54328,Bruckman,Akeel,Development
54366,Terekhov,Mohamadou,Development
54371,Esposito,Sivanarayana,Development
54383,Makrucki,Sanjay,Development
54420,Rajcani,Youngkon,Sales
54425,Jarecki,Goncalo,Sales
54443,Grabner,Gro,Sales
54450,Ranon,Jaana,Development
54465,Bresenham,Torsten,Sales
54471,Schiettecatte,Kotesh,Development
54474,Schreiter,Ult,Development
54528,Narwekar,Tomoyuki,Development
54536,Hanratty,Ennio,Development
54550,Marciano,Rajmohan,Sales
54556,Masada,Temple,Development
54563,Menyhert,Shunichi,Development
54584,Plotkin,Fusako,Development
54635,Lampe,Jayesh,Development
54655,Kossowski,Lenore,Sales
54677,Schaaf,Chirstian,Development
54685,Georgatos,Marek,Development
54704,Rebaine,Kellyn,Development
54746,Liesche,Ramzi,Sales
54770,Demizu,Charlene,Development
54783,Nannarelli,Abdelghani,Development
54853,Heemskerk,Van,Development
54855,Gulla,Gian,Development
54858,Sundgren,Chinho,Development
54868,Highland,Ult,Development
54892,Goldhammer,Sandeepan,Development
54918,Malinowski,Volkmar,Development
54929,Tramer,Gilbert,Sales
54932,Munoz,Kamakshi,Sales
54950,Anick,Yuriy,Development
54961,Spelt,Nechama,Development
54963,Bellmore,Toshiko,Development
54972,Underwood,Leon,Development
54981,Pettis,Giao,Development
54984,Perng,Danil,Development
55049,Arlazarov,Chenyi,Sales
55059,Conte,Sakthirel,Development
55068,Wielonsky,Kyoichi,Development
55073,Swiler,Yahiko,Development
55081,Sanella,Sadok,Development
55139,Sommer,Nigel,Development
55154,Schiettecatte,Brigham,Development
55180,Falco,Ung,Development
55192,Templeman,Weijing,Development
55210,Thombley,Wonhee,Development
55261,Siprelle,Arfst,Development
55273,Zockler,Chiranjit,Sales
55281,Ellozy,Mohammad,Development
55346,Schrooten,Hausi,Development
55375,Caine,Houman,Sales
55407,Birta,Gopalakrishnan,Development
55408,Reistad,Remzi,Development
55414,Talmon,Divine,Development
55422,Kranzdorf,Mahendra,Development
55441,Wursthorn,Sasan,Sales
55450,Furudate,Vishv,Development
55476,Halevi,Kokou,Development
55479,Erva,Serap,Development
55498,Heusch,Filipe,Development
55499,Diderrich,Kamakshi,Development
55505,Fabrizio,Kristen,Development
55511,Marshall,Bernt,Sales
55528,Swiler,Indrajit,Sales
55542,Gaughan,Candido,Development
55569,Alpay,Martien,Development
55571,Pusterhofer,Arie,Sales
55592,Karcich,Alexius,Sales
55655,Tzvieli,Pranav,Development
55718,McAffer,Jeane,Sales
55756,Warwick,Alair,Sales
55839,Birch,Rosalyn,Sales
55884,Hmelo,Maia,Development
55907,Herbst,Ghassan,Sales
55933,Kirkerud,Kristin,Sales
55935,Skafidas,Theirry,Development
55946,Wossner,Shan,Development
55948,Krzyzanowski,Serap,Development
55977,Wynblatt,Aram,Sales
55979,VanScheik,Guangming,Development
55996,Bellmore,Stamatina,Sales
56020,Byoun,Alagu,Development
56026,Farris,Martine,Development
56034,Jayawardene,Hinrich,Development
56038,Murthy,Herbert,Sales
56050,Uhrik,Jaroslava,Sales
56058,Schapire,Christoper,Sales
56065,Nollmann,Mabhin,Sales
56106,Chiola,Saeko,Sales
56110,Reeken,Jouni,Development
56125,Thombley,Heon,Development
56136,Buchter,Ramya,Sales
56143,Bondorf,Sakthirel,Sales
56159,Shumilov,Zengping,Development
56168,Fontet,Kazuyasu,Development
56177,Colorni,Yucel,Development
56187,Lienhardt,Youpyo,Development
56195,Hashii,Pascal,Development
56227,Makrucki,Shen,Sales
56235,Vanwelkenhuysen,Subir,Development
56298,Peir,Gro,Development
56300,Zobel,Serge,Development
56306,Lindqvist,Mack,Development
56312,Baek,Jaber,Development
56314,Morrey,Bowen,Sales
56329,Naumovich,Zhenhua,Development
56346,Bennet,Zhiguo,Development
56350,Ariola,Boguslaw,Sales
56380,Atchley,Shuzo,Development
56382,Bardell,Valery,Sales
56389,Ghandeharizadeh,Ronghao,Development
56400,Munke,Froduald,Development
56406,Schusler,Sachem,Sales
56430,Klassen,Tesuya,Sales
56439,Henders,Sangeeta,Development
56445,Liesche,Chikara,Development
56448,Covnot,Kayoko,Development
56463,Staudhammer,Maja,Development
56468,Haldar,Zsolt,Development
56476,Chiola,Danae,Development
56488,Cherinka,Tze,Sales
56502,Ulupinar,Dipayan,Development
56507,Luff,Sasan,Development
56519,Taubenfeld,Magdalena,Development
56527,Gonthier,Weiwu,Sales
56531,Renear,Quingbo,Development
56543,Hanabata,Chrisa,Development
56545,Oehlmann,Arunas,Development
56581,Cappello,Zhenbing,Sales
56589,Goldhammer,Martial,Sales
56608,Trachtenberg,Denny,Sales
56611,Zhang,Lalit,Development
56645,Sluis,Fun,Development
56658,Turnbull,Shimshon,Development
56678,McAffer,Murthy,Sales
56693,Halloran,Vesna,Sales
56694,Godskesen,Aram,Development
56701,Kobuchi,KayLiang,Sales
56715,Gurbaxani,Rasiah,Development
56726,Schmiedel,Chuanti,Sales
56737,Gils,Arnould,Development
56740,Vuskovic,Sashi,Development
56763,Cangellaris,Mahendra,Sales
56790,Walston,Mayuko,Development
56804,Heinisuo,Arra,Development
56809,Ranon,Dinkar,Development
56831,Baaz,Zvonko,Development
56862,Thimonier,Ymte,Sales
56887,Itschner,Fabrizio,Sales
56905,Genin,Insup,Sales
56925,Kilgore,Sverrir,Sales
56936,Wendorf,Bernice,Development
56950,Edelhoff,Saeed,Sales
56952,Leppanen,Itzchak,Development
56961,Peyn,Guoxiang,Sales
57000,Lortz,Toshiko,Sales
57022,Keustermans,Michaela,Development
57026,Gyimothy,Tuval,Development
57040,Lagarias,Arup,Sales
57043,Falco,Jaber,Development
57051,Angot,Xinyu,Development
57064,Serov,Arco,Development
57078,Polupanov,Itzchak,Development
57079,Rassart,Shay,Development
57110,Stellhorn,Gou,Sales
57111,Suermann,Armond,Development
57115,Zobel,Nirmal,Development
57118,Champarnaud,Xinan,Development
57123,Zedlitz,Fatemeh,Development
57176,Stenning,Pranav,Development
57178,Rousseau,Oldrich,Sales
57211,Undy,Uta,Development
57217,Sommer,Freyja,Development
57223,Copas,Danel,Development
57228,Brickell,Jaideep,Development
57242,Lowrie,Tetsushi,Development
57262,Yavatkar,Steve,Sales
57316,Journel,Kousuke,Sales
57325,Akiyama,Hidde,Sales
57338,Rouquie,Mostafa,Sales
57373,Zhiwei,Mabry,Sales
57377,Slobodova,Adel,Development
57380,Verhoeff,Bodh,Development
57426,Lorch,Yannik,Development
57437,Eterovic,Zhenhua,Development
57442,Klassen,Arvin,Development
57450,Lagarias,Shridhar,Sales
57476,Staudhammer,Badri,Sales
57489,Benaini,Jaihie,Development
57492,Miyakawa,Parto,Sales
57508,Rousseau,Muneo,Sales
57511,Crabtree,Weidon,Sales
57513,Merli,Zorica,Development
57520,Bach,Serif,Sales
57521,Baak,Janalee,Sales
57525,Dechter,Herbert,Sales
57533,Heuser,Kagan,Development
57540,Armand,Shounak,Development
57544,Lammel,Gererd,Development
57566,Barinka,Masami,Development
57592,Wendorf,Heng,Development
57595,Wielonsky,Heeju,Development
57596,Schahn,Shigehito,Sales
57603,Frezza,Arunas,Development
57606,Demizu,Houman,Development
57609,Casperson,Greger,Development
57629,Vendrig,Gretta,Sales
57640,Stiles,Aluzio,Development
57660,Lally,Mayuri,Development
57664,England,Gladys,Development
57670,Perz,Poornachandra,Development
57716,Schmiedel,Kristinn,Development
57718,Daescu,Ayonca,Development
57725,Millington,Patricio,Sales
57740,Osgood,Georgi,Development
57751,Maksimenko,Dulce,Development
57768,Talmor,Izaskun,Sales
57821,Bolotov,Alejandra,Sales
57834,Demeyer,Hideyuki,Development
57837,Murtafg,Aria,Development
57850,Kawashima,Ayakannu,Sales
57865,Demian,Kazuhiro,Development
57869,Perl,Martine,Development
57870,Georgatos,Yurii,Development
57877,Delgrande,Brigham,Development
57886,Kawashimo,Fuqing,Sales
57893,Tasistro,Khalid,Development
57898,Pearson,Atilio,Development
57945,Merlo,Tsvetan,Development
57949,Pezzoli,Oldrich,Sales
57968,Perng,Froduald,Development
57980,Matheson,Shay,Development
57996,Xiaoshan,Zhonghua,Sales
58010,Broder,Gennady,Sales
58024,Berztiss,Naftaly,Development
58027,Luef,Yakkov,Development
58033,Etalle,Maren,Sales
58035,Speckmann,Jenwei,Development
58053,Karunanithi,Zissis,Sales
58080,Birta,Hideyuki,Sales
58094,Katiyar,Danil,Development
58096,Usdin,Rosine,Sales
58102,Erni,Aiichiro,Development
58115,Peir,Manu,Development
58125,Cesareni,Xiaoshan,Development
58129,Schnabel,Chuanyi,Sales
58132,Kawashimo,Zdislav,Sales
58136,Tsunoo,Lidong,Development
58151,Smeets,Masanao,Development
58182,Kroft,Gennady,Development
58199,Karnin,Yechiam,Sales
58201,Bashian,Willard,Development
58226,Gill,Ayonca,Sales
58227,Bierbaum,Armond,Development
58231,Pauthner,Marjo,Sales
58280,Peris,Manohar,Development
58286,Poujol,Yechiam,Sales
58300,Picco,Frazer,Development
58317,Kenevan,Eric,Development
58325,Riexinger,Kokou,Development
58329,Schiper,Paddy,Development
58337,Baek,Tooru,Sales
58351,Cannard,Chenye,Sales
58364,Wuwongse,Dmitry,Development
58383,Tomescu,Somnath,Development
58396,Billawala,Kenton,Sales
58408,Puppo,Weiyi,Development
58416,Plavsic,Zeydy,Sales
58427,Frezza,Guozhong,Sales
58434,Melton,Aluzio,Development
58437,Rusterholz,Maya,Sales
58458,Koshiba,Turgut,Sales
58460,Wixon,Mart,Sales
58462,Paciorek,Ronnie,Sales
58499,Pileggi,Marjo,Development
58509,Laurillard,Anneli,Sales
58510,Falco,Dzung,Development
58516,Knightly,Xianlong,Sales
58518,Perfilyeva,Along,Development
58524,Sidhu,Jaideep,Development
58567,Scallan,Eric,Sales
58575,Pfau,Pasqua,Development
58590,Roisin,Jayson,Sales
58612,Junet,Divine,Development
58620,Rosenbaum,Toshimori,Sales
58634,Copas,Snehasis,Development
58635,Rabejac,Giordano,Development
58665,Marquardt,Mabhin,Sales
58678,Zwicker,Vivian,Development
58694,Kragelund,Kasidit,Sales
58713,Kenevan,Terresa,Sales
58727,Rullman,Junichi,Development
58728,Parfitt,Boguslaw,Development
58735,Mayerwieser,Krassimir,Development
58753,Luders,Vitaly,Sales
58787,Erie,Kristina,Development
58788,Anger,Shmuel,Development
58789,Cochrane,Hercules,Development
58790,Zockler,Peternela,Sales
58797,Breugel,Xiaoheng,Sales
58807,Koshino,Murthy,Sales
58825,Swist,JoAnna,Sales
58837,Waleschkowski,Bowen,Development
58895,Spinelli,Eishiro,Sales
58959,Gecseg,Younwoo,Sales
58970,Waterhouse,Yongmin,Development
58973,Decleir,Marke,Development
58981,Kushner,Kazuhiko,Sales
58996,Dengi,Sven,Development
59016,Kornyak,Terresa,Development
59018,Liesche,Marsal,Sales
59020,Reeker,Kazunori,Development
59047,Botman,Jiong,Development
59078,Larfeldt,Licheng,Development
59087,Erdmenger,Shakhar,Sales
59089,Zirintsis,Ramya,Development
59094,McDermid,Adin,Development
59109,Morrey,Tesuya,Development
59145,Birch,Tzu,Development
59164,Schaad,Hideo,Development
59166,Bernardinello,Charlene,Development
59176,Suessmith,Teiji,Sales
59183,Cronau,Kotesh,Development
59212,Jeong,Koldo,Sales
59215,Schwaller,Doohun,Development
59227,Ruemmler,Adly,Development
59242,Peak,Fun,Sales
59250,Arlazarov,Toong,Development
59256,Emiris,Tsvetan,Development
59277,Mikschl,Menkae,Development
59283,Bisiani,Stevo,Development
59289,Sridhar,Yucel,Sales
59295,Ducloy,Subbu,Sales
59309,Sury,Dannz,Sales
59331,Broder,Izaskun,Development
59342,Colorni,Babette,Sales
59349,Bail,Martijn,Development
59379,Rajala,Zsolt,Development
59380,Berendt,Zvonko,Sales
59382,Ducloy,Gal,Sales
59390,Greibach,Patricio,Sales
59413,Albarhamtoshy,Huei,Sales
59432,Farrar,Pascal,Development
59434,Smailagic,Saddek,Sales
59435,Baig,Serge,Development
59465,Luiz,Lillian,Sales
59470,Ghelli,Ziyad,Sales
59480,Esteva,Giordano,Sales
59488,Montresor,Saeko,Development
59510,Bouloucos,Shuichi,Sales
59513,Rosaz,Xiaoheng,Development
59520,Montresor,Babette,Development
59537,Pargaonkar,Yefim,Development
59538,Stiles,Constantijn,Development
59560,Roisin,Shuho,Sales
59611,Fraisse,Wanqing,Sales
59631,Byoun,Krisda,Development
59684,Ranst,Qingxiang,Development
59685,Schurmann,Yongdong,Development
59707,Tyugu,Bezalel,Sales
59743,Bakhtari,Zhenhua,Development
59763,Schapire,Arunachalam,Development
59764,Wroclawski,Jeane,Development
59783,Raczkowsky,Volkmar,Sales
59790,Heering,Vishv,Development
59793,Tibblin,Jayson,Sales
59801,Rotem,Mototsugu,Development
59824,Marwedel,Xiaoshan,Development
59852,Goldhammer,Divier,Sales
59898,Iwayama,Gao,Development
59899,Schueller,Toong,Development
59927,Salverda,Sedat,Sales
59931,Sewelson,Suzette,Sales
59986,Yoshimura,Gererd,Development
59999,Spataro,Piyush,Sales
60013,Schauser,Breannda,Development
60058,Gulak,Qingxiang,Development
60068,Plavsic,Giap,Development
60124,Sichman,Kagan,Sales
60146,Clouatre,Dines,Development
60170,Yetim,Lene,Development
60172,Perl,Kiyokazu,Sales
60175,Sankaranarayanan,Hatsukazu,Development
60193,Gronowski,Sanjai,Development
60204,Macedo,Giri,Development
60207,Mahmud,Koldo,Development
60216,Lichtner,Elrique,Sales
60217,Doering,Limsoon,Sales
60255,Siochi,Danae,Sales
60256,Fiutem,Subir,Development
60259,dAstous,Chrisa,Sales
60270,Angiulli,Souichi,Sales
60285,Coorg,Nitsan,Development
60303,Solares,Billur,Sales
60338,Fraisse,Girolamo,Sales
60343,Leppanen,Munenori,Sales
60414,Vitiello,Xuejia,Sales
60442,Hellwagner,Kwangsub,Development
60453,Gammage,Larisa,Sales
60463,Dredge,Sanjiv,Development
60469,Kampfer,Angel,Sales
60477,Dulay,Djelloul,Development
60488,Staylopatis,Yakkov,Development
60501,Badr,Ranga,Development
60518,Biran,Ziya,Sales
60521,Uhrik,Henk,Sales
60522,Polupanov,Becky,Development
60551,Irland,Caolyn,Development
60598,Sadowski,Izaskun,Sales
60611,Baba,Feixiong,Sales
60620,Lukaszewicz,Dhritiman,Development
60653,Bamford,Wonhee,Development
60664,Panwar,Serenella,Sales
60677,Worfolk,Stella,Development
60711,Ramaiah,Mabry,Development
60717,Sadowsky,Carrsten,Sales
60753,Krybus,Kazuyasu,Sales
60764,Stamatiou,Taizo,Development
60767,Munos,Gianluca,Sales
60773,Yetto,Saniya,Development
60815,Oxman,DAIDA,Sales
60823,Parfitt,Kazuhiro,Sales
60831,Peltason,Rildo,Development
60838,Serra,Insup,Development
60842,Menhoudj,Adam,Sales
60858,Foote,Elgin,Development
60865,Birge,Yuqun,Development
60866,Lorcy,Valter,Development
60867,Kornyak,Tomoyuki,Sales
60894,Fendler,Lein,Development
60904,Gelosh,Tomokazu,Sales
60944,Pepe,Renee,Sales
60965,Loncour,Conrado,Sales
60991,Murthy,Ung,Sales
61018,Zallocco,Marco,Sales
61038,Sifakis,Suzette,Development
61043,Conti,Michaela,Development
61062,Champarnaud,Parke,Development
61078,Greibach,Jessie,Development
61093,Rettelbach,Kokou,Development
61110,Ghemri,Lihong,Development
61118,Erol,King,Development
61124,Waymire,Nechama,Sales
61177,Bednarek,Somnath,Development
61179,Kaltofen,Berni,Sales
61180,Sullins,Nathalie,Development
61192,Kamble,Feiyu,Development
61197,Cannard,Roselyn,Development
61203,Beznosov,Demin,Development
61208,Hooghiemstra,Miomir,Development
61210,Rehfuss,Itzchak,Sales
61211,Muntz,Lakshmi,Development
61244,Peternell,Xiaoqiang,Sales
61259,Puoti,Shao,Sales
61261,Pocchiola,Ziya,Sales
61264,Sethi,Shuzo,Sales
61273,Hainaut,Manohar,Sales
61315,Kalloufi,Kwun,Sales
61340,Waeselynck,Lubomir,Sales
61347,Gerteisen,Aram,Development
61362,Pietracaprina,Ayonca,Development
61374,Christ,Taegyun,Development
61399,Chinen,Unal,Sales
61420,Cunliffe,Sanjoy,Development
61441,Jayawardene,Yongqiao,Sales
61444,Kaiserswerth,Geoff,Development
61453,Vanwelkenhuysen,Hyuncheol,Development
61486,Bierman,Weiye,Sales
61515,Curless,Mats,Sales
61549,Montresor,Shimshon,Sales
61554,Steenbeek,Tianruo,Development
61571,Unni,Huei,Development
61588,Byoun,Doohun,Sales
61589,Demke,Chuanti,Development
61593,Cochrane,Masaru,Development
61623,Luce,Xiaoqiu,Development
61624,Luef,Doowon,Development
61625,Rajcani,Shugo,Development
61626,Dulay,Mohit,Sales
61634,Panwar,Shigehito,Sales
61667,Hasenauer,Domenico,Sales
61675,Schwartzburd,Takahiro,Development
61676,Argence,Valdiodio,Development
61706,Butner,Stevo,Development
61711,Claffy,Volkmar,Development
61718,Poujol,Yakichi,Development
61722,Wendorf,Oddvar,Development
61738,Zhiwei,Martien,Development
61751,Garrabrants,IEEE,Sales
61753,Levergood,Pantung,Development
61776,dAstous,Stafford,Sales
61780,Billingsley,Zhilian,Development
61790,Lindenbaum,Visit,Development
61805,Gurbaxani,Faiza,Sales
61843,Millington,Guenter,Sales
61846,Varley,Danil,Development
61879,Steinauer,Saniya,Development
61910,Bahk,Gay,Development
61941,Joslin,Mohammed,Development
61943,Tasistro,Gennadi,Development
61944,Ananiadou,Bedir,Development
61997,Yurek,Maja,Development
62012,Jahnichen,Yifei,Development
62018,Toyoshima,Juyoung,Sales
62080,Birjandi,Toshimo,Sales
62082,Puppe,Somnath,Development
62095,Erva,Katsuyuki,Development
62097,Klyachko,Krassimir,Development
62098,Sommer,Breannda,Sales
62112,Servieres,Pragnesh,Development
62129,Schmittgen,Hongzue,Development
62137,Baalen,Rosalyn,Sales
62151,Marakhovsky,Shuichi,Development
62174,Denna,Teunis,Sales
62215,Koshino,Adly,Development
62243,Fargier,Juichirou,Development
62251,Vingron,Rayond,Development
62298,Yetto,Quingbo,Sales
62304,Rusmann,Kersti,Development
62313,Ecklund,Stamatina,Sales
62329,Ossenbruggen,Rosli,Development
62336,Vieth,Kazunori,Development
62360,Sinitsyn,Ranga,Development
62374,Oppitz,Ortrud,Development
62381,Pfau,Fay,Development
62382,Edelhoff,Padma,Development
62383,Rodier,Khatoun,Development
62387,Frolund,Toney,Development
62409,Peng,Zhonghui,Sales
62412,Hennebert,Khosrow,Development
62427,Kamber,Bedrich,Development
62428,Lortz,Guadalupe,Development
62449,Angelov,Jixiang,Sales
62459,Shobatake,Francoise,Development
62472,Buescher,Renee,Sales
62476,Cooke,Yahiko,Sales
62480,Stemann,Bedrich,Development
62497,Sinitsyn,Yifei,Development
62544,Serdy,Kazuhira,Sales
62629,Ratnaker,Shigeaki,Sales
62633,Gulla,Zijian,Sales
62658,Hutter,Steen,Development
62695,Jenevein,Guangming,Sales
62696,Callaway,Paloma,Sales
62714,Silva,Limsoon,Development
62715,Furedi,Feipei,Development
62723,Penttonen,Mitchel,Development
62774,Schlenzig,Jeanna,Sales
62804,Bahr,Emran,Development
62812,Zyda,Chaosheng,Development
62821,Munke,Tomokazu,Development
62900,Alencar,Gio,Sales
62906,McFarlin,Alselm,Sales
62909,Rissland,Lenore,Sales
62925,Kobara,Bedir,Development
62930,Flanders,Fumiyo,Development
62932,Speel,Kiam,Development
62947,Pillow,Rosli,Sales
63005,Ranum,Barna,Sales
63017,Picel,Moni,Development
63019,Basawa,Fayez,Development
63021,Yurov,Kamakshi,Development
63087,Ballarin,Kazuhito,Development
63114,Cheshire,Danny,Sales
63145,Alblas,Vivian,Development
63169,Sanella,Wojceich,Development
63194,Schicker,Ipke,Sales
63246,Waymire,Zdislav,Development
63257,Trogemann,Elvis,Sales
63295,Angiulli,Giao,Development
63305,Waymire,Perry,Development
63307,Herber,Sugwoo,Sales
63321,Monkewich,Marsha,Development
63324,Leuchs,Pintsang,Development
63326,Perin,Filipp,Development
63329,Schaaf,Mart,Sales
63331,Fadgyas,Changho,Development
63343,Ananiadou,Mark,Development
63349,Comte,Anestis,Development
63363,Brattka,Terresa,Development
63367,Bondorf,Hatim,Development
63376,Peir,Kiyotoshi,Sales
63399,Azumi,Yonghoan,Development
63412,Thisen,Domenick,Development
63422,Gulak,Mahendra,Development
63427,Nooteboom,Takahito,Sales
63437,Lowrie,Boalin,Sales
63438,Herbst,Gilbert,Sales
63442,Reghbati,Satyanarayana,Development
63456,Cromarty,Youngkon,Sales
63466,Ratnaker,Geraldo,Sales
63471,Bael,Filipp,Development
63487,Badr,Adib,Development
63497,Griswold,Anneli,Sales
63501,Cesareni,Laurentiu,Development
63507,Alblas,Valeri,Development
63508,Scharstein,Radhia,Development
63516,Steinauer,Toshimitsu,Sales
63542,Hanratty,Michaela,Development
63588,Curless,Pintsang,Sales
63612,Foote,Berto,Development
63620,Knightly,Mikhail,Sales
63672,Munos,Fei,Development
63679,Beidas,Amalendu,Development
63688,Spieker,Jouni,Sales
63737,Narahara,Baoqiu,Development
63738,Ohori,Yunming,Development
63743,Muntz,Shugo,Development
63744,Mitchem,Shaw,Development
63777,Braunschweig,Duri,Sales
63836,Petersohn,Hitofumi,Sales
63861,Soicher,Mohammad,Development
63905,Klyachko,Satoru,Development
63934,Hedayat,Uinam,Sales
63935,Deyuan,Tadanori,Development
63943,Karcich,Shai,Sales
63997,Rosti,Stafford,Development
64052,Stroustrup,Hyuckchul,Development
64054,Ratnakar,Kaijung,Development
64072,Demri,Claude,Development
64093,Nishimukai,Hyuckchul,Development
64136,Lamba,Godehard,Development
64138,Fetvedt,Yuqun,Sales
64147,Sevcikova,Richard,Development
64150,Ghandeharizadeh,Noritoshi,Development
64151,Alameldin,Rasikan,Development
64158,Fujisawa,Yechiam,Sales
64177,Angot,Kerhong,Development
64226,Mersereau,Margo,Sales
64243,Maraist,Moss,Development
64281,Rosca,Faiza,Development
64288,Siochi,Gad,Development
64290,Merro,Hirochika,Sales
64313,Schlegelmilch,Leucio,Development
64377,Couchot,Along,Development
64392,Bernatsky,Amabile,Development
64398,Perna,Nectarios,Sales
64401,Swiss,Kristin,Development
64445,Jansen,Yifei,Development
64488,Kandlur,Jaana,Development
64519,Eickenmeyer,Kerryn,Sales
64526,Uehara,Masoud,Sales
64571,Ecklund,Dipankar,Development
64581,Reghbati,Shaunak,Development
64595,Majewski,Mohit,Development
64657,Duclos,Jianhui,Development
64689,Jakobus,Bernice,Development
64692,Ermel,Bowen,Development
64707,Chachaty,Brigham,Sales
64720,Poulakidas,Katsuo,Development
64728,Hedayat,Akhilish,Development
64753,Swan,Shahid,Sales
64761,Fujisaki,Dekang,Development
64782,Sommer,Bluma,Development
64783,Ramsey,Willard,Sales
64786,Zeleznik,Froduald,Development
64791,Gerteisen,Dinkar,Sales
64794,Jiang,Khun,Development
64796,Auria,Xiadong,Sales
64832,Emmerich,Boalin,Development
64837,Petereit,Mantis,Development
64855,Hiltgen,Elrique,Development
64872,Thibadeau,Dayanand,Sales
64916,Hmelo,Mohit,Sales
64927,Peak,Kwee,Development
64955,Karner,Mariusz,Development
64969,Kawashima,Jasminko,Development
64974,Penn,Lijia,Development
65001,Hardjono,Jongsuk,Development
65028,Businaro,Yifei,Sales
65045,Koshiba,Abdelkader,Development
65056,Haldar,Masako,Development
65061,Flowers,Shushma,Development
65097,Meszaros,Yinlin,Sales
65122,Ballarin,Hugh,Development
65131,Akiyama,Shakhar,Sales
65136,Undy,Terresa,Sales
65162,Peot,Marko,Development
65167,Borovoy,Torsten,Development
65173,Binkley,Karlis,Sales
65199,Spataro,Ipke,Sales
65211,Hofstetter,TRUE,Sales
65215,Garnham,Joydip,Sales
65217,Leijenhorst,Magdalena,Development
65222,Zaumen,Wilmer,Sales
65248,Felcyn,Shrikanth,Development
65259,Luef,Kazuhide,Development
65280,Aloia,Arun,Development
65290,Wielonsky,Sanjay,Development
65358,Cooley,Kshitij,Development
65366,Lindenbaum,Bartek,Development
65368,Ladret,Dung,Development
65372,Lenart,Amalendu,Development
65387,Muchinsky,Nathalie,Development
65392,Aseltine,Poorav,Sales
65394,Lamma,Jacqueline,Sales
65428,Luby,Herbert,Sales
65448,Benzaken,Menkae,Sales
65467,Perng,Jeane,Sales
65490,Wixon,Xiaobin,Development
65493,Cummings,Zeydy,Sales
65506,Khalil,Guozhong,Development
65515,Teitelbaum,Phillip,Sales
65533,Mawatari,Monique,Development
65543,Verhoeff,Mahmut,Development
65559,Nishimukai,Feipei,Sales
65572,Bernardeschi,Hironoby,Development
65579,Orsini,Adit,Sales
65595,Fujisaki,Kasidit,Development
65600,Mahmud,Jinxi,Sales
65605,Matzen,Howell,Development
65641,Winter,Vishu,Development
65657,Seiwald,Arno,Sales
65660,Ginneken,Sugwoo,Development
65706,Munck,Troy,Development
65715,Gniady,Nevin,Development
65720,Hopewell,Hauke,Development
65721,Snedden,Marjo,Development
65727,Ranst,Matt,Development
65748,Gimarc,Masoud,Sales
65779,Litecky,Lansing,Sales
65807,Ranze,Guttorm,Development
65835,Beetstra,Arra,Sales
65858,Awdeh,Martins,Development
65868,Cools,Guoxiang,Development
65894,Haraldson,Yakkov,Sales
65899,Ranta,Anyuan,Development
65919,Peron,Fabrizio,Development
65942,Jarecki,Houman,Sales
65960,Smailagic,Branimir,Development
65966,Macedo,Jessie,Sales
65974,Schicker,Fayez,Sales
65978,Chaudhuri,Fay,Sales
66019,Rosis,Surveyors,Development
66050,Riesenhuber,Gully,Sales
66062,Ranta,Zita,Sales
66123,Comte,Jinxi,Development
66145,Ashish,Hironobu,Development
66159,Jervis,Fuqing,Development
66170,Ohori,Aksel,Development
66183,Frijda,Ortrud,Development
66191,Slaats,Giordano,Development
66194,Gargeya,Pintsang,Development
66198,Edelhoff,Seongbin,Sales
66225,Stifter,Mayumi,Sales
66229,Mayerwieser,Dannz,Sales
66231,Keohane,Chaosheng,Development
66254,Mahnke,Ghassan,Sales
66289,Keohane,Taizo,Sales
66291,Ouhyoung,Tzu,Development
66356,Coorg,Masato,Sales
66359,Akaboshi,Faiza,Development
66364,Picco,Jaewon,Development
66384,Rassart,Udaiprakash,Development
66394,Rahimi,Dung,Development
66419,Perna,Przemyslawa,Development
66423,Schwartzbauer,Murthy,Development
66425,Eppinger,Mats,Development
66445,Zykh,Kazuyasu,Sales
66447,Conia,Greger,Development
66455,Puppo,Doohun,Sales
66467,Erdmenger,Zine,Development
66475,Birsak,Gopalakrishnan,Development
66477,Borstler,Christfried,Development
66480,Tempesti,Subhrajyoti,Sales
66481,McClurg,Nalini,Development
66485,Morrey,Nadjib,Development
66486,Ghelli,Tonia,Development
66556,Remmele,Hongzhu,Development
66560,Lammel,Leaf,Sales
66565,Perez,Kien,Development
66589,Yurov,Troy,Development
66604,Hiroyama,Bezalel,Development
66605,Suermann,Chiranjit,Sales
66624,Bharadwaj,Huiqun,Sales
66646,Erman,Chanjung,Development
66647,Leppanen,Charmane,Development
66687,Simmen,Kien,Sales
66716,Kermarrec,Elgin,Sales
66744,Puppe,Chuanyi,Development
66775,Milicia,Mariangiola,Development
66828,Narahara,Frederique,Development
66851,Lyonns,Mona,Development
66854,Glinert,Uno,Sales
66866,Sundgren,Luise,Development
66921,Deville,Weiru,Development
66937,Heering,Chenye,Development
66945,Kusakabe,Perry,Sales
66961,Albarhamtoshy,Lech,Sales
66989,Camarinopoulos,Dzung,Development
67032,Erdmenger,Xiaopeng,Development
67050,Kading,Nalini,Development
67051,Pearson,Randy,Development
67066,Perez,Josyula,Development
67076,Farris,Jasminko,Development
67111,Dalphin,Odysseas,Sales
67146,Hertweck,Horward,Sales
67165,Schapire,Chikako,Sales
67208,Sichman,Rosalie,Development
67216,Streng,Yongmao,Development
67227,Showalter,Shuky,Development
67253,Szmurlo,Shiv,Development
67301,Danlos,Xuedong,Sales
67306,Molenkamp,Peternela,Development
67327,Ernst,Tomokazu,Development
67345,Rando,Mani,Development
67352,Awdeh,Masaru,Development
67358,Staudhammer,TRUE,Development
67367,Birch,Karlis,Sales
67398,Jansen,Tru,Development
67402,Ruemmler,Maya,Sales
67404,Shobatake,Shaz,Development
67426,Geffroy,Haldun,Development
67428,Diderrich,Dharmaraja,Development
67438,Makinen,Niranjan,Development
67451,Stellhorn,Siamak,Development
67477,Vasanthakumar,Morrie,Development
67478,Luke,Kokou,Development
67483,Chartres,Oguz,Development
67506,Verhoeff,Collette,Sales
67523,Gelosh,Pohua,Development
67529,Passino,Alejandro,Development
67553,Hutter,Freyja,Sales
67554,Bhattacharjee,Xiaoheng,Development
67570,Baig,Odysseas,Sales
67572,Katalagarianos,Gro,Development
67574,Aingworth,Lijie,Development
67609,Berztiss,Poornachandra,Sales
67640,Glinert,Gen,Development
67653,Rathonyi,Mabo,Development
67660,Pena,Kwangjo,Sales
67684,Pintelas,Vincent,Development
67705,Khalil,Genevieve,Sales
67729,Molenkamp,Candida,Development
67740,Stifter,Reinhard,Development
67741,Koblitz,Yishay,Development
67762,Francisci,Jeanna,Development
67779,Welham,Niclas,Sales
67807,Ramalingam,Zissis,Sales
67812,Reinhart,Reinhold,Development
67815,Coney,Zongyan,Development
67820,Colorni,Gay,Development
67823,Muhlberg,Szabolcs,Development
67835,Luft,Behnaam,Sales
67845,Back,Xuejun,Sales
67853,Perl,King,Development
67862,Brizzi,Sven,Sales
67872,Toyoshima,Adel,Sales
67885,Suermann,Nishit,Development
67929,Iisaka,Richard,Development
67967,Stille,Marin,Development
67968,Narahara,Christoper,Sales
67994,Paludetto,Hatim,Development
67999,Herber,Sorina,Sales
68001,Panwar,Marlo,Development
68003,Ratzlaff,Kellie,Development
68004,Improta,Mohd,Development
68005,Montresor,Hilary,Development
68028,Syang,Richara,Sales
68123,Rissland,Shakhar,Sales
68142,Nishimukai,Aran,Sales
68147,Zhang,Breannda,Development
68152,Dalton,Janalee,Development
68155,Carrere,Xuedong,Development
68269,Falster,Marjo,Development
68293,Mateescu,Faiza,Development
68321,Harbusch,Aris,Development
68332,Teitelbaum,Kristian,Sales
68350,Speckmann,Arve,Development
68381,Hasham,Stabislas,Sales
68407,Peternell,Jahangir,Sales
68418,Alblas,Heon,Development
68427,Mansanne,Ute,Development
68434,Buescher,Nimmagadda,Sales
68454,Kampfer,Weicheng,Development
68500,Stellhorn,Leah,Sales
68508,Swist,Annemarie,Development
68536,Perly,Zorica,Development
68547,Figueira,Ulf,Sales
68550,Perin,Alper,Development
68568,Raney,Iara,Sales
68599,Zucker,Alair,Sales
68603,Rusterholz,Fabrizio,Sales
68604,Dymetman,Kannan,Sales
68607,Zallocco,Xuejia,Sales
68611,Biran,Sashi,Development
68678,Slutz,Rayond,Development
68690,Juneja,Elgin,Development
68692,Monarch,Behnaam,Development
68705,Ferretti,Arunas,Development
68709,Zaccaria,Marke,Development
68722,Sridhar,Demos,Development
68744,Spelt,Khedija,Development
68747,Binkley,Chikara,Development
68761,Zuberek,Rasikan,Development
68773,Isaac,Hugo,Development
68780,Itschner,Berni,Development
68801,Ramsay,Ymte,Development
68808,Beerel,Morrie,Development
68838,Pauthner,Nalini,Sales
68839,Famili,Shuky,Sales
68880,Assaf,Elvis,Sales
68900,Sevcikova,Pohua,Development
68909,Rajcani,Jayson,Development
68915,Busillo,Oddvar,Sales
68917,Peot,Menkae,Development
68940,Garrabrants,Froduald,Sales
68964,Francisci,Fai,Development
69019,Rothenberg,Valdiodio,Sales
69020,Masaki,Udo,Development
69050,Anily,Nidapan,Sales
69112,Crabtree,Saddek,Development
69177,Marchegay,Shan,Development
69206,Melichar,Bojan,Development
69216,Bonifati,Yagil,Sales
69224,Molberg,Jenwei,Development
69226,Wursthorn,Reinhold,Development
69258,Brendel,Mara,Sales
69287,Luders,Frazer,Development
69308,Schreiter,Chinya,Sales
69325,Dredge,Pranas,Development
69329,Loncour,Zhensheng,Development
69342,Emden,Visit,Sales
69355,Borovoy,Dmitry,Development
69364,DiGiano,Marla,Development
69366,Schrift,Georg,Development
69387,Mitsuhashi,Danny,Development
69445,Puppo,Gift,Sales
69446,Melter,Pranay,Development
69493,Greibach,Odoardo,Development
69505,Kragelund,Serenella,Development
69506,Cappelletti,Marke,Development
69524,Vrecion,Leon,Development
69555,Sabnani,Golgen,Sales
69570,Reinhart,Katsuyuki,Development
69578,Sewelson,Shim,Sales
69602,Litzkow,Naftaly,Sales
69625,Taneja,Remmert,Sales
69632,Nations,Limsoon,Development
69637,Basart,Tse,Sales
69647,Pileggi,Deborah,Sales
69654,Hofman,Paris,Development
69665,Fioravanti,Uzi,Sales
69674,Rabehasaina,Luerbio,Sales
69697,Nourani,Zengping,Development
69713,Vieri,Vidya,Development
69714,Kavvadias,Anneke,Development
69717,Gecsei,Boalin,Sales
69733,Azevdeo,Subhada,Development
69740,Jayawardene,Ibibia,Development
69758,Yurov,Arup,Development
69767,Glowinski,Nakhoon,Development
69772,Heinisuo,Katsuo,Development
69773,Kisuki,Elzbieta,Development
69790,Leslie,Werner,Sales
69874,Menyhert,Doohun,Development
69897,Kamber,Stamatina,Sales
69900,Schmittgen,Herb,Development
69920,Kieras,Teunis,Development
69932,Stenning,Surveyors,Development
69961,dAstous,Tremaine,Sales
69982,Lindqvist,Sanjoy,Sales
69993,Silva,Anwar,Sales
70002,Impagliazzo,Candida,Development
70027,Schieder,Manton,Development
70040,Montemayor,Along,Development
70049,Domenig,Dipankar,Development
70052,Hartvigsen,Vivian,Development
70059,Tiemann,Valeri,Sales
70070,Ellozy,Kerhong,Sales
70071,Vigier,Hironoby,Sales
70077,Panienski,Vesna,Development
70087,Lemarechal,Ronghao,Sales
70117,Bail,Arie,Development
70123,Takkinen,Aloys,Sales
70132,Manders,Gal,Sales
70145,McAlpine,Shaowei,Sales
70162,Wrigley,Danai,Development
70172,Beerel,Toshimo,Development
70180,Cichocki,Renee,Sales
70197,Fritzsche,Nishit,Development
70237,Badache,Quingbo,Development
70239,McFarlin,Cedric,Development
70257,Saoudi,Kiyomitsu,Sales
70287,McConalogue,Nimmagadda,Sales
70296,Vadhan,Nalini,Development
70310,Ranai,Neven,Sales
70320,Beerel,Aruna,Development
70354,Gammage,Minghong,Development
70374,Macedo,Girolamo,Development
70380,Denos,Alassane,Sales
70386,Mamelak,Guiseppe,Development
70422,Krichel,Zine,Development
70425,Businaro,Mechthild,Sales
70478,Peac,Basil,Development
70502,Weedon,Jiann,Sales
70514,Highland,Christoper,Development
70538,Benveniste,Pascal,Sales
70555,Benaini,Sreekrishna,Development
70579,Polajnar,Seshu,Development
70584,Flasterstein,Arun,Development
70610,Bellmore,Djelloul,Sales
70614,Furedi,Nevio,Development
70629,DiGiano,Shay,Sales
70659,Domenig,Kauko,Sales
70666,Veeraraghavan,Ronghao,Sales
70675,Avouris,Edwin,Sales
70726,Cronan,Sadun,Development
70735,Spataro,Shaowei,Development
70738,Kemmerer,Shaleah,Development
70739,Kakkar,Przemyslawa,Sales
70751,Heusch,Danil,Development
70770,Jeansoulin,Kazuhide,Development
70782,Ebeling,Abdulah,Sales
70785,Swan,Jiakeng,Development
70787,Masaki,Reinhard,Sales
70791,Avouris,Aamod,Development
70797,Tiemann,Alejandro,Development
70809,Welham,Premal,Development
70810,Brodal,Vishwani,Sales
70830,Maksimenko,Jiakeng,Development
70898,Radhakrishnan,Ranan,Development
70901,Knightly,Yonghoan,Sales
70909,Wossner,Shir,Sales
70919,Casley,Anwar,Development
70964,Seghrouchni,Berhard,Development
70966,Stanger,Malu,Development
70970,Vesna,Yuuichi,Development
70974,Xiaoshan,Girolamo,Development
70988,DasSarma,Ziyad,Sales
71001,Schnelling,Lobel,Sales
71037,Mitina,Mihalis,Sales
71057,Orsini,Christfried,Sales
71064,Genther,Kokou,Sales
71076,Rosca,Huei,Sales
71100,Karnin,Taisook,Development
71118,Tasistro,Chirstian,Sales
71128,Dolinsky,Selwyn,Development
71197,Rebaine,Rutger,Sales
71214,Toyoshima,Kiyomitsu,Development
71246,Paludetto,Toshimitsu,Sales
71255,Halloran,Mrinalini,Development
71291,Lammel,Persi,Development
71323,Brizzi,Shunichi,Development
71335,Rusterholz,Khalil,Sales
71341,Tetzlaff,Seongbin,Development
71351,Guerreiro,Otmar,Sales
71365,Bratsberg,Remzi,Development
71375,Khamsi,Masoud,Sales
71398,Krohn,Sanjeeva,Sales
71405,Miake,Shuzo,Development
71416,Demir,Jayson,Development
71429,Budinsky,Abdelaziz,Development
71471,Peak,Bernice,Development
71490,Vieri,Yannis,Sales
71501,Yurek,Nagui,Development
71503,Plumb,Chinhyun,Sales
71509,Feinberg,Ioana,Development
71528,Deverell,Marjo,Development
71529,Kawashimo,Junsik,Development
71560,Shanbhogue,Shalesh,Sales
71586,Cannard,Jianwen,Sales
71588,Colorni,Junichi,Sales
71590,Beerel,Irene,Development
71627,Ranta,Aria,Sales
71644,Azuma,Bogdan,Development
71674,Huxford,Udo,Development
71715,Niizuma,Eberhardt,Sales
71729,Rosch,Jongsuk,Development
71753,Fadgyas,Tzu,Development
71766,Lieblein,Gennady,Sales
71773,Ebeling,Leen,Sales
71782,Oskamp,Boriana,Development
71810,Ertl,Hideo,Sales
71826,Brickell,Chandrasekaran,Sales
71847,Kadhim,Seshu,Sales
71864,Bellone,Martina,Development
71871,Molenkamp,Kien,Sales
71879,Silva,Ipke,Sales
71889,Hennebert,Tristan,Development
71894,Munawer,Guther,Development
71896,Zobel,Magdalena,Sales
71914,Uludag,Navid,Development
71923,Kavanagh,Jayesh,Development
71930,Etalle,Lech,Sales
71959,Speer,Jianhua,Sales
71960,Karnin,Teunis,Sales
71979,Kropp,Sugwoo,Sales
71984,Thiria,Fei,Development
71985,Emmart,Kristina,Development
71998,Lovengreen,Pranas,Development
72003,Besselaar,Kamakshi,Development
72004,Undy,Macha,Development
72024,Wolniewicz,Takahiro,Development
72026,Pesch,Wilmer,Development
72031,Makrucki,Nagui,Sales
72078,Limongiello,Olivera,Development
72087,Chartres,Teiji,Development
72140,Cronau,Christ,Development
72195,Schwartzbauer,Iara,Development
72211,Murrill,Apostol,Development
72248,Rindone,Kamran,Development
72264,Bale,Alain,Development
72307,Asser,Genta,Development
72383,Sidou,Gianluca,Development
72387,Zeilberger,Taiji,Development
72434,Lueh,Snehasis,Development
72436,Siegrist,Roselyn,Development
72469,Clouatre,Peternela,Sales
72486,Brickell,Irena,Development
72490,Pena,Fumiyo,Development
72510,Tomescu,Miomir,Development
72521,Daescu,Georgi,Development
72522,Katzenelson,Insup,Development
72551,Impagliazzo,Bedir,Development
72571,Cools,Yurij,Development
72586,Usery,Jiong,Development
72598,Vural,Bogdan,Development
72609,Guting,Baziley,Sales
72625,Nyanchama,Moti,Development
72646,Tchuente,Elgin,Development
72683,Frolund,Tristan,Development
72686,Marakhovsky,Radoslaw,Development
72693,Gadepally,Zhaofang,Sales
72700,Pollock,Shahid,Development
72723,Danlos,Arve,Sales
72725,Felder,Jayesh,Development
72727,Basagni,Lunjin,Sales
72761,Schlegelmilch,Arto,Sales
72766,Valiente,Emran,Development
72767,Chiola,Premal,Sales
72788,Dulli,Berthier,Sales
72794,Awdeh,Kazuhisa,Sales
72799,Usdin,Akeel,Development
72815,Setiz,Marc,Sales
72836,Baez,Sadun,Sales
72863,Kavvadias,Mohd,Sales
72864,McConalogue,Moie,Development
72866,Zumaque,Sverrir,Sales
72891,Heusch,Florina,Development
72897,Leslie,Faiza,Development
72900,Schoegge,Fan,Sales
72922,DasSarma,Kristian,Sales
72923,Decaestecker,Zhenbing,Development
72928,Rosay,Xiahua,Sales
72957,Demizu,Frazer,Development
72967,Brobst,Menkae,Sales
72969,Setia,Xinan,Sales
72981,Imataki,Chanjung,Sales
72986,Worfolk,Nikolaos,Development
73005,Compeau,Sachem,Development
73006,Schiper,Shiv,Sales
73011,Kaiserswerth,Zdislav,Development
73017,Iisaka,Adel,Development
73019,Gecseg,Vishwani,Development
73035,Cummings,Kensyu,Sales
73036,Koyama,Syozo,Sales
73082,Sadowski,Ioana,Development
73109,Pusterhofer,Divine,Development
73110,Osgood,Gift,Development
73119,Kavraki,Miyeon,Development
73137,Lortz,Manohar,Development
73142,VanScheik,Gretta,Development
73143,Cincotta,Sreekrishna,Development
73194,Castellani,Perry,Sales
73225,Swick,Mana,Development
73237,Bonifati,Sanjoy,Sales
73305,Lambe,Heon,Development
73314,Weiland,Oguz,Sales
73318,Highland,Elliott,Development
73320,Biran,Bowen,Sales
73322,Tomescu,Atreye,Sales
73328,Emmerich,Shigeichiro,Development
73336,Molenkamp,Zhongwei,Sales
73339,Kamble,Leni,Development
73354,Bolotov,Arunachalam,Development
73355,Rotem,Kannan,Development
73364,Gaughan,Wayne,Development
73370,Suri,Huiqun,Development
73387,Axelband,Noritoshi,Sales
73415,Pillow,Renny,Sales
73462,Pelc,Sergi,Sales
73497,Huhdanpaa,Sibyl,Sales
73500,Thambidurai,Sahrah,Development
73504,Anandan,Sastry,Development
73510,Reeken,Jouni,Sales
73523,Parascandalo,Fei,Sales
73539,Serot,Renee,Development
73542,Acton,Shigehito,Sales
73548,Pena,Margareta,Sales
73592,Shanbhogue,Xuejun,Development
73595,Vandervoorde,Nobuyoshi,Sales
73601,Vasanthakumar,Aloke,Development
73612,Lienhardt,Toney,Sales
73619,Wursthorn,Uma,Development
73621,Imataki,Gadiel,Sales
73674,Jahnichen,Yifei,Sales
73685,Fujisaki,Yurii,Sales
73687,Bakhtari,Zito,Sales
73722,Lamba,Berhard,Development
73723,Heystek,Uriel,Development
73749,Oppitz,Hercules,Sales
73756,Strooper,Moni,Development
73758,Sevcikova,Serenella,Development
73761,Birge,Mark,Sales
73777,DeMori,Carrsten,Development
73808,Skafidas,Urs,Development
73811,Trogemann,Valeri,Development
73823,Michaels,Shaibal,Sales
73835,Krupka,Leif,Development
73842,Esteva,Seongbin,Sales
73855,Blokdijk,Greger,Sales
73875,Duclos,Rafail,Development
73883,Comellas,Lihong,Sales
73891,Rebaine,Rasikan,Sales
73901,Ernst,Arif,Development
73914,Smailagic,Atreyi,Development
73921,Rijsenbrij,Maja,Development
73949,Birch,Gian,Sales
73961,Schaad,Khedija,Development
73972,Biron,Makato,Sales
74014,Benaini,Hilary,Development
74021,Baba,Qiwen,Development
74027,Openshaw,Goo,Development
74038,Muntz,Zorica,Development
74046,Birta,Jungsoon,Development
74048,Mandell,Krister,Development
74101,Porenta,Debaprosad,Development
74106,Uchoa,Sailaja,Sales
74113,Chinal,Kazuhito,Development
74121,Capobianchi,Otmar,Development
74122,Cappello,Sushant,Sales
74151,Bahl,Munehiro,Sales
74154,Foong,Oscar,Sales
74166,Beidas,Shawna,Sales
74171,Kleiser,Patricio,Development
74182,Stasinski,Takushi,Sales
74184,Crelier,Demin,Development
74186,Landherr,Nectarios,Sales
74188,Cronau,Kersti,Development
74215,Qiwen,Tooru,Sales
74233,Spell,Zvonko,Development
74246,Erdi,Tomofumi,Sales
74259,Hmelo,Ohad,Sales
74262,Demri,Yongdong,Sales
74271,Coombs,Guther,Sales
74273,Gladwell,Rosita,Development
74316,Desikan,Eran,Sales
74332,Impagliazzo,Brigham,Development
74353,Rajala,Shan,Development
74358,Lanteri,Mohammad,Sales
74360,Viele,Dayanand,Development
74383,Impagliazzo,Yechiam,Development
74388,Miyakawa,Mokhtar,Development
74413,Nitta,Juichirou,Development
74450,Radivojevic,Ortrun,Development
74452,Zizka,Munenori,Development
74458,Guenter,Gennady,Development
74481,Restivo,Theirry,Development
74484,Salvesen,Ramya,Development
74493,Chelton,Susanne,Development
74494,Czap,Jongsuk,Development
74511,Schicker,Shietung,Development
74513,Rajcani,Zhigen,Sales
74542,Naumovich,Adin,Sales
74571,Viele,Atilio,Development
74573,DeMori,Torsten,Development
74574,Morris,Kenroku,Sales
74585,Maliniak,Youssef,Development
74609,Conta,Divier,Development
74672,Genther,Vishu,Development
74683,Clouatre,Takanari,Sales
74684,Bernatsky,Oguz,Sales
74690,Streit,Kristin,Development
74699,Rotem,Moon,Development
74706,Tibblin,Fen,Development
74710,Setiz,Lein,Sales
74731,Kleiser,Hironobu,Sales
74733,Sabnani,Val,Sales
74742,Gurbaxani,Troy,Development
74779,Thibadeau,Beshir,Sales
74783,Schaaf,Eckart,Development
74795,Esteva,Ulises,Development
74802,Demizu,Mingzeng,Development
74866,Pavlopoulou,Masaki,Development
74878,Leaver,Mark,Development
74888,Jansen,Falguni,Development
74899,Vendrig,Shietung,Development
74914,Melter,Xiaopeng,Development
74923,Pepe,Geoffry,Development
74935,Vendrig,Manohar,Development
74961,Vitiello,Tianruo,Development
74965,Babu,Owen,Sales
75007,Bharadwaj,Yunming,Development
75051,Mansanne,Roddy,Sales
75061,Benner,Jeanne,Sales
75074,Gyimothy,Koldo,Development
75076,Ratnakar,Licheng,Sales
75081,Gien,Vesna,Sales
75096,Himler,Faiza,Sales
75114,Ladret,Lillian,Sales
75133,Spataro,Tayeb,Sales
75134,Cullers,Rimli,Sales
75142,Speckmann,Uwe,Sales
75153,Wissmann,Flemming,Development
75166,Snyers,Aamod,Development
75186,Miyakawa,Filipp,Sales
75189,Erie,Khedija,Development
75201,Basagni,Boguslaw,Sales
75226,Couchot,Nechama,Development
75236,Lorin,Supot,Development
75253,Schaar,Kwee,Development
75272,Imataki,Hidekazu,Development
75277,Demri,Arne,Sales
75285,Ranft,Shahid,Development
75313,Stiles,Yechiam,Development
75314,Ranst,Valter,Sales
75347,Simmen,Aemilian,Development
75370,Alameldin,Kwee,Sales
75379,Desikan,Geraldo,Development
75395,Marchesini,Thanasis,Development
75406,Luca,Paraskevi,Sales
75417,Sanella,Arif,Development
75418,Kroll,Kristine,Development
75456,Edelhoff,Lalit,Development
75471,Simmen,Karoline,Sales
75477,Tsukuda,Dekang,Development
75489,Begiun,Mani,Sales
75505,Isaac,Jacopo,Sales
75511,Luby,Jianhua,Development
75530,Beutelspacher,Martial,Sales
75533,Coorg,Tomoyuki,Sales
75546,Samarati,Geoffrey,Development
75551,Schrift,Sreekrishna,Development
75574,Melton,Utpal,Sales
75592,Borstler,Gretta,Sales
75640,Pocchiola,Bokyung,Sales
75659,Riefers,Saniya,Development
75668,Bratsberg,Sarita,Sales
75688,Crooks,Adamantios,Sales
75699,Uhrig,Toshimi,Sales
75704,Zweizig,Sanjoy,Development
75717,Schach,Waiman,Development
75725,Rijsenbrij,Stella,Sales
75737,Jording,Koldo,Sales
75738,Muhlberg,Guozhong,Sales
75740,Range,Mang,Development
75741,Birsak,Candido,Sales
75748,Varman,Xuejia,Sales
75755,Mullainathan,Harjit,Development
75767,Spell,Rosella,Development
75797,Yetim,Djelloul,Development
75840,Baar,Unal,Sales
75868,Sadowski,Marko,Sales
75915,Maierhofer,Luisa,Development
75916,Besselaar,Dante,Development
75940,Christ,Shigeo,Development
75944,Rohrbach,Deborah,Development
75945,Zedlitz,Hinrich,Development
75952,Toyoshima,Luerbio,Development
75971,Kisuki,Honesty,Development
75994,Michaeli,Muzhong,Sales
76078,Poehlman,Hausi,Sales
76083,Kusalik,Uzi,Development
76092,Sevcikova,Manohar,Development
76139,Speer,Mark,Sales
76142,Ambroszkiewicz,Nikolaos,Sales
76145,Byoun,Mitsuyuki,Development
76151,Marakhovsky,Manton,Development
76177,Sommen,Kerryn,Development
76195,Honglei,Theirry,Sales
76211,Hashii,Kenton,Sales
76225,Zumaque,Dinkar,Sales
76232,Hedayat,Georg,Sales
76234,Lovengreen,Takahito,Development
76239,Baca,Nectarios,Development
76246,Stamatiou,Guther,Development
76247,Azuma,Mads,Sales
76252,Khamsi,Marco,Sales
76267,Condotta,Radhakrishnan,Development
76278,Heiserman,Oldrich,Development
76293,Reinhart,Nagui,Development
76300,Luan,Ranga,Sales
76325,Maierhofer,Rosalie,Sales
76331,Delgrange,Jaroslava,Sales
76358,Chinal,Jordanka,Development
76408,Ananiadou,JiYoung,Development
76425,Hockney,Kshitij,Development
76467,Schwartzbauer,Amabile,Development
76481,Ruemmler,Suvo,Development
76488,Sridhar,Baruch,Development
76493,Oxman,Mansur,Sales
76495,Cangellaris,Zhonghua,Sales
76516,Kroll,Arnd,Sales
76530,Benner,Honesty,Development
76539,Monarch,Cordelia,Development
76559,Segond,Guiseppe,Development
76562,Basart,Renee,Sales
76566,Pettit,Tsvetan,Sales
76590,Bazelow,Mats,Sales
76644,Junet,Huei,Development
76667,Puppe,Luisa,Sales
76689,Steinauer,Mansur,Development
76690,Danley,Shaowen,Development
76703,Huttel,Hairong,Development
76709,Georg,Berto,Development
76719,Smeets,Filipp,Development
76727,Dusink,Valeri,Development
76749,Raoux,Luise,Sales
76750,Eastman,Tomoyuki,Development
76754,Roison,Sanjay,Development
76772,Garigliano,Gao,Development
76788,Conia,Shigeu,Development
76822,Gniady,Rafail,Development
76823,Wissmann,Constantino,Development
76825,Zaumen,Sasan,Development
76878,Turnbull,Abdelwaheb,Sales
76895,Meriste,Souichi,Development
76916,Morton,Yonghong,Development
76937,Matzat,Shuji,Sales
76957,Rosca,Saniya,Development
76977,Stroustrup,Sigeru,Sales
76985,Fontan,Amalendu,Development
76998,Mawatari,Tomoyuki,Development
77052,Hagimont,Pohua,Development
77068,Rattan,Leucio,Development
77081,Fritzsche,Rance,Sales
77089,Wrigley,Renee,Development
77138,Karner,Haldun,Sales
77144,Milicia,Gill,Sales
77173,Merey,Sachem,Sales
77186,Crooks,Irene,Sales
77195,Birrer,Owen,Development
77201,Butner,Kiyotoshi,Sales
77214,Kulisch,Fumitake,Sales
77232,Krogh,Kinh,Sales
77234,Krohm,Kazuhisa,Development
77241,Sommen,Uri,Development
77247,Luiz,Rajmohan,Development
77263,Keustermans,Arto,Sales
77266,Dechter,Junichi,Development
77279,Burnard,Xuejun,Sales
77297,Zumaque,Wanqing,Sales
77302,Reinhart,Lihong,Development
77316,Milicic,Peternela,Development
77324,Isaac,Gila,Sales
77325,Brickell,Feiyu,Sales
77334,Hegner,Jaber,Development
77340,Khalil,Bodh,Development
77344,Lorch,Gian,Development
77345,Klerer,Jixiang,Development
77346,Walston,Shir,Sales
77359,Dengi,Anneke,Development
77374,Greibach,Laurentiu,Development
77378,Crelier,Zissis,Development
77391,Polupanov,JiYoung,Development
77394,Wielonsky,Mary,Development
77406,Choobineh,Surveyors,Development
77414,Lienhardt,Kwun,Development
77431,Neiman,Malu,Development
77441,Luca,Sachio,Development
77455,Coullard,Atilio,Development
77458,Cannard,Subhankar,Development
77460,Usdin,Kiam,Development
77475,Ouhyoung,Chinho,Development
77481,Picel,Kitty,Sales
77531,Czaja,Padma,Development
77538,Remmers,Masadi,Development
77541,Furudate,Hideo,Development
77543,Cannard,Constantino,Development
77545,Paciorek,Gopalakrishnan,Development
77551,Ossenbruggen,Lansing,Sales
77562,Openshaw,Gianluca,Development
77568,Peck,Erzsebet,Sales
77579,Mandelberg,Shooichi,Sales
77585,Rossi,Ennio,Development
77615,Krupka,Jianwen,Sales
77641,Nishimukai,Berni,Sales
77665,Fargier,Paddy,Development
77689,Swan,Abdelkader,Sales
77690,Thorensen,Nahum,Sales
77701,Kalorkoti,Marie,Sales
77702,Jiang,Barna,Sales
77739,Krzyzanowski,Dulce,Development
77749,Bharadwaj,Mayumi,Development
77768,Picel,Tokuyasu,Development
77770,Przulj,Gen,Development
77786,Vieth,Munehiro,Sales
77804,Marzano,Yonghong,Development
77814,Otillio,Ferdinand,Development
77838,Piazza,Shuzo,Development
77847,Haumacher,Aron,Development
77884,Pollacia,Danel,Development
77893,Wegerle,Kien,Development
77898,Christianini,Yuchang,Development
77915,Schnelling,Shimshon,Sales
77927,Terlouw,Martien,Development
77936,Azevdeo,Horward,Development
77942,Georgakopoulos,Nalini,Sales
77974,Shihab,Fei,Development
77980,Sidje,Yongmin,Sales
77987,Daescu,Lucian,Development
77988,Gyimothy,Tze,Development
78048,Jumpertz,Jaewoo,Sales
78082,Fontan,Dung,Development
78111,Ushiama,Teunis,Sales
78114,Mellouli,Zeljko,Sales
78116,Beerel,Tokuyasu,Sales
78153,Akiyama,Kwan,Development
78168,Kushnir,Yinlin,Development
78185,Klassen,Mamdouh,Development
78189,Gischer,IEEE,Sales
78195,Hofting,Suvo,Development
78200,Verhoeff,Brigham,Development
78212,Ligten,Zito,Development
78225,Ishibashi,Mircea,Development
78243,Uhrik,Moti,Development
78251,Conti,Subbu,Sales
78273,Verhoeff,Mona,Sales
78310,Chaudhury,Aria,Development
78327,Stranks,Tetsushi,Sales
78331,Erol,Guozhong,Development
78333,Krupka,Roselyn,Development
78347,Francisci,Arne,Development
78348,Serov,Guoxiang,Development
78410,Albarhamtoshy,Sreenivas,Development
78413,Jenevein,Toshimi,Sales
78436,Schaap,Arne,Development
78441,Beetstra,Abdulla,Development
78443,Schahn,Yongdong,Development
78447,Bahk,Chiranjit,Sales
78474,Belinskaya,Youssef,Development
78488,Morton,Toshimori,Development
78493,Basagni,Kaijung,Development
78508,Pluym,Val,Sales
78511,Mitina,Pramod,Development
78524,Bahk,Zhiwei,Sales
78542,Matzat,Atilio,Development
78548,Boissier,Xiaoqiang,Development
78551,Cooman,Lobel,Development
78561,Birke,Perry,Development
78573,Rosiles,Berry,Sales
78649,Lorys,Gino,Sales
78692,Nollmann,Turgut,Development
78697,Stavenow,Troy,Sales
78710,Benantar,Theirry,Development
78715,Ozeri,Heeju,Development
78725,Scallan,Yakichi,Sales
78745,Peris,Subbu,Sales
78763,Kandlur,Odinaldo,Sales
78777,Henders,Goetz,Development
78794,Rajaraman,Fun,Development
78802,Garigliano,Vojin,Development
78814,Pollock,Kasidit,Development
78819,Compeau,Vojin,Sales
78841,Flasterstein,Aloys,Sales
78852,Vuskovic,Kazunori,Sales
78863,Chinen,Arie,Sales
78888,Lung,Shimshon,Sales
78907,Detkin,Georgi,Development
78932,Marquardt,Yannis,Sales
78938,Krybus,Kerhong,Sales
79002,Pappas,Lena,Development
79010,Pusterhofer,Marsal,Development
79026,Frijda,Armond,Development
79042,Narwekar,Iara,Development
79049,Besancenot,Lijie,Sales
79073,Bhattacharjee,Almudena,Sales
79110,Vecchi,Aiichiro,Development
79131,Speer,Tayeb,Development
79152,Rubsam,Barun,Sales
79177,Herbst,Mooi,Development
79192,Marchesini,Yucel,Development
79203,Reinhart,Gilbert,Development
79204,Lund,Juyoung,Sales
79210,Antonakopoulos,Mansur,Development
79218,Luce,Rosita,Development
79247,Beetstra,Yinlin,Development
79251,Taubenfeld,Gennady,Sales
79264,Demizu,Chaosheng,Development
79290,Perelgut,Mohit,Development
79303,Strandh,Toong,Development
79348,Gire,Mari,Development
79367,Kandlur,Shir,Development
79374,Jarecki,Lorien,Development
79390,Shigei,Bernt,Sales
79391,Garnham,Gritta,Development
79429,Swab,Koldo,Development
79434,Byoun,Claudi,Development
79442,McClurg,Yannis,Sales
79463,Hennebert,Mizuhito,Sales
79466,Henders,Roddy,Development
79470,Schmittgen,Sadegh,Development
79473,Ellozy,Denny,Development
79486,Garigliano,Mitchel,Development
79488,Shumilov,Yolla,Development
79505,Farrel,Sariel,Development
79509,Akiyama,Vitaly,Sales
79538,Melton,Elvis,Sales
79566,Peron,Fumino,Sales
79567,Willoner,Karoline,Development
79574,Terlouw,Mariusz,Development
79644,Lindenbaum,Radoslaw,Development
79669,Meszaros,Premsyl,Development
79673,Daescu,Jacqueline,Sales
79683,Winter,Narain,Sales
79684,Janocha,JiYoung,Sales
79696,Vadhan,Gopalakrishnan,Development
79703,Einsfeld,Remco,Development
79704,Neiman,Ipke,Development
79714,Avouris,Kiam,Sales
79748,Beutelspacher,George,Development
79753,Thorelli,Fabrizio,Sales
79761,Encarnacion,Prasadram,Development
79765,Danecki,Gonzalo,Sales
79766,Swiler,Fox,Development
79772,Gulik,Xiaoqiu,Sales
79785,Roisin,Moriyoshi,Development
79789,Crelier,Kotesh,Development
79834,Wuwongse,Guiseppe,Sales
79839,Bolotov,Khue,Development
79858,Marzano,Mansur,Development
79910,Honglei,Gad,Sales
79923,Melski,Mokhtar,Development
79965,Asser,Sandeepan,Development
79979,Papsdorf,Yunming,Development
79999,Jakobus,Chuanti,Development
80032,Isaac,Yurij,Sales
80063,Hoogerwoord,Arie,Sales
80070,Thisen,Mana,Sales
80089,Birch,Luisa,Development
80092,Wilharm,Yucel,Development
80132,Hedayat,Nidapan,Development
80136,Berstel,Gaurav,Development
80171,Zykh,Kshitij,Development
80198,Anger,Yefim,Sales
80215,Ranon,Ranga,Development
80223,Einsfeld,Sadegh,Development
80224,Zaiane,Reinhard,Sales
80227,Braunschweig,Kerryn,Development
80251,Kitai,Yoshinari,Development
80258,Hiyoshi,Hirochika,Sales
80270,Jonsson,Fen,Sales
80288,Rousseau,Teiji,Development
80332,Masand,Behnaam,Sales
80370,Weiland,Honesty,Development
80375,Peac,Atreye,Development
80389,Rosiles,Pasqua,Development
80429,Suermann,Prodip,Sales
80439,Calkin,Jolita,Development
80456,Gire,Aemilian,Development
80464,Erie,Randi,Development
80466,Bala,Takahiro,Sales
80536,Hebden,Adel,Development
80550,Cullers,Candida,Development
80611,Sifakis,Pramod,Development
80617,Kugler,Prodip,Development
80620,Gischer,Filipe,Sales
80653,Kavanagh,Chiranjit,Development
80665,Angot,Angel,Sales
80689,Conta,Hitofumi,Development
80705,Shackel,Josyula,Development
80727,Remmers,Margo,Sales
80744,Bauknecht,Badri,Sales
80746,Jahnichen,Keiichiro,Development
80763,Merro,Bader,Sales
80774,Pollacia,Vishv,Development
80781,Danner,Xudong,Development
80790,Unno,Stepehn,Development
80791,Molenkamp,Takahiro,Development
80801,Ambroszkiewicz,Bluma,Sales
80822,Byoun,Marsal,Sales
80834,Reinhart,Sham,Development
80838,Ruemmler,Cheong,Sales
80844,Hellwagner,Brigham,Development
80862,Improta,Serenella,Sales
80864,Birnbaum,Radhia,Sales
80869,Randi,Ishfaq,Development
80873,Nishimukai,Marsal,Sales
80903,Dulin,Yakichi,Development
80931,Garigliano,Breannda,Development
80937,Jiang,Chikako,Sales
80958,Prenel,Geoffry,Development
80981,Niizuma,Fumitake,Development
80991,Schreiter,Marco,Sales
80997,Viele,Krister,Development
81006,Pagter,Atreye,Sales
81007,Rande,Mototsugu,Sales
81035,Boreale,Hsiangchu,Sales
81047,Dulay,Masaki,Development
81052,Levergood,Ziya,Sales
81104,Grabner,Marc,Development
81129,Bade,Magy,Development
81152,Junet,Macha,Development
81157,Zykh,Aleksander,Sales
81177,Berendt,Bodh,Development
81189,Broomell,Serge,Sales
81201,Knightly,Werner,Sales
81207,Hofstetter,Barry,Development
81208,Rindone,Sumant,Development
81222,Homond,Vivian,Sales
81261,Garnham,Marin,Development
81292,Copas,Ortrun,Development
81303,Berstel,Ghassan,Sales
81329,Gire,Divine,Development
81338,Erol,Xiaoqiang,Sales
81340,Poehlman,Baocai,Sales
81358,Quadeer,Premal,Sales
81363,McAffer,Selwyn,Sales
81368,Ghemri,Frederique,Development
81376,Fabrizio,Gunilla,Development
81408,Picaronny,Atreye,Sales
81412,Menyhert,Zhenhua,Sales
81432,Veldwijk,Hideyuki,Development
81438,McClure,Mack,Development
81466,Krone,Zejun,Development
81468,Bodoff,Aiman,Development
81479,Vuskovic,Girolamo,Development
81494,Litzkow,Hatsukazu,Development
81510,Penttonen,Mamdouh,Sales
81512,Leppanen,Kenton,Development
81517,Reutenauer,Xiong,Sales
81527,Bouloucos,Arnd,Sales
81540,Manderick,Emran,Sales
81564,Michaels,Martijn,Development
81572,DiGiano,Ingemar,Development
81592,Rehfuss,Monique,Sales
81594,Spinelli,Saddek,Development
81603,Zuberek,Suzette,Sales
81610,Stifter,Abdulah,Development
81620,Takkinen,Udaiprakash,Development
81636,Koshiba,Tomokazu,Sales
81658,Pearson,Rosine,Development
81660,Schaap,Arno,Development
81672,Aloia,Kazuhito,Development
81717,Anguita,Toney,Sales
81730,DuBourdieux,Sergi,Sales
81755,Beeson,Peer,Development
81810,Schaap,Baruch,Development
81815,Kuhnemann,Chaitali,Development
81827,Gluchowski,Huai,Development
81849,Bednarek,Debatosh,Sales
81851,Heystek,Dante,Development
81861,Walstra,Tesuro,Development
81885,Walston,Aamod,Development
81900,Bernatsky,Mario,Development
81940,Siksek,Ioana,Development
81944,Valtorta,Matk,Sales
81973,Panienski,Shigenori,Sales
81981,Welham,Weicheng,Development
81988,Pews,Lene,Sales
81998,Iwayama,Mari,Sales
82003,Tomescu,Saeko,Development
82027,Ellozy,Henk,Sales
82037,Streit,Shahar,Development
82045,Bolsens,Tse,Development
82052,Rahier,Lidong,Sales
82065,Anger,Christophe,Development
82107,Heping,Gunilla,Sales
82110,Gecsel,Vugranam,Sales
82116,Shiratori,Chiradeep,Development
82123,Dayana,Tokuyasu,Development
82130,Nergos,Maia,Sales
82139,Zucker,Satoru,Development
82145,Pagter,Zhongwei,Sales
82152,Ferretti,Doohun,Development
82162,Kroft,Shigeo,Development
82177,Vilarrasa,IEEE,Development
82194,Eastman,Geoff,Development
82222,Luit,Sampalli,Development
82227,Sethi,Xiaocheng,Development
82263,Haumacher,Vishv,Sales
82278,Murillo,Tomokazu,Sales
82295,Parfitt,Manohar,Development
82309,Ramsak,Hideyuki,Sales
82310,Panangaden,Jinxi,Development
82315,Apsitis,Paris,Development
82324,Knightly,Ashish,Sales
82339,Schrift,Jeanna,Development
82350,Stifter,Nahla,Development
82367,Halloran,Miyeon,Sales
82371,Erev,Frederique,Sales
82385,Biran,Sanjai,Sales
82388,Zucker,Munehiko,Development
82391,McAffer,Mayuko,Sales
82392,Beznosov,Susuma,Sales
82397,Peris,Mart,Sales
82443,Perry,Vincent,Development
82457,Pauthner,Vidar,Development
82458,Peres,Barun,Sales
82466,Brookner,Serge,Sales
82478,Ginneken,Vishwani,Development
82491,Lorho,Lalit,Development
82498,Bojadziev,Jianwen,Development
82555,Kavraki,Fabrizio,Development
82571,Argence,Padma,Development
82573,Berendt,Genevieve,Sales
82601,Nitto,Munehiko,Development
82609,Marzano,Kazuhide,Sales
82614,Segond,Hiroyasu,Sales
82631,Bugrara,Shunichi,Sales
82634,Plesums,Volkmar,Development
82646,Plump,Shugo,Development
82668,Menhardt,Feipei,Sales
82677,Decaestecker,Adil,Sales
82678,Haldar,Poorav,Development
82689,Crouzet,Zijian,Development
82704,Lunn,Marla,Development
82760,Dulay,Weiwu,Development
82761,Underwood,Mabry,Sales
82808,Reinhart,Sumant,Development
82824,Wiegley,Gopalakrishnan,Development
82834,Lieblein,Kersti,Development
82856,Erez,Hidefumi,Development
82875,Terekhov,Domenick,Sales
82889,Farrag,Arif,Sales
82895,Peck,Ramya,Development
82913,Gammage,Luerbio,Development
82956,Sundgren,Sudhanshu,Sales
82970,Servieres,Qiwen,Sales
82981,Mitina,Fayez,Development
82986,Cools,Fumiko,Sales
82992,Marwedel,Jixiang,Development
82996,Ramras,Shahab,Development
82997,Zlotek,Ramachenga,Development
83057,Passafiume,Niteen,Sales
83071,Ranft,Nidapan,Sales
83092,Kranzdorf,Bernt,Development
83125,Staudhammer,Frederique,Development
83126,Khamsi,Marla,Development
83143,Krupka,Luisa,Development
83169,Buescher,Tsz,Sales
83189,Birrer,Kristian,Development
83194,Bridgland,Vidar,Sales
83260,Markovitch,Premsyl,Development
83284,Ghalwash,Genta,Development
83294,Petersohn,Gudjon,Development
83296,Lorin,Pascal,Development
83328,Demri,Ute,Development
83348,Kuszyk,Bokyung,Development
83375,Kenevan,Anestis,Development
83408,Pettey,Brewster,Development
83443,Nooteboom,Shigeu,Development
83468,Beilner,Charlene,Sales
83506,Lamma,Mohamadou,Development
83515,Collavizza,Fay,Development
83546,Kawashimo,Maha,Development
83557,Candan,Elvis,Development
83559,Schmittgen,Mircea,Development
83569,Peroz,Jiafu,Development
83573,Thummel,Slavian,Development
83574,Masamoto,Gonzalo,Sales
83582,Serna,Moie,Development
83585,Himler,Susuma,Development
83589,Streng,Sorina,Development
83595,Koshino,Divine,Development
83597,Llado,Sajjan,Sales
83605,Fordan,Persi,Development
83626,Maccarone,Reuven,Development
83643,Tsukune,Jinxi,Development
83650,Raoux,Mariangiola,Development
83665,Knightly,Horward,Sales
83725,Asmuth,Abdulah,Development
83730,Lorie,Dharmaraja,Sales
83748,Molberg,Hyuncheol,Development
83750,Gulik,Zsolt,Development
83756,Esposito,Constantijn,Development
83757,Zielinski,Radhia,Development
83768,Ariola,Mark,Sales
83778,Nitto,Premsyl,Sales
83787,Lanzelotte,Xuejia,Sales
83797,Fontan,Kazuhisa,Sales
83798,Kropp,Shigeo,Development
83804,Kragelund,Iara,Development
83806,Kumaresan,Froduald,Development
83808,Setiz,Danel,Sales
83824,Ananiadou,Shin,Development
83829,Zielinski,Cristinel,Sales
83849,Schwartzburd,Shaleah,Development
83850,Bugaenko,Mooi,Sales
83881,Michaels,Gino,Development
83891,Falster,Gopalakrishnan,Sales
83895,Pettey,Hyuncheol,Development
83898,England,Erzsebet,Development
83910,Flexer,Zdislav,Development
83934,Edelhoff,Mabhin,Development
83937,Munro,Lunjin,Development
83947,Usdin,Lucien,Development
83968,Rando,Giap,Development
83977,Yetim,Masali,Sales
84000,Antonakopoulos,Val,Development
84001,Facello,Badri,Development
84051,Taubman,Kirk,Sales
84058,Rajcani,Huai,Development
84059,Hofting,Lidong,Development
84066,Thambidurai,Jianhui,Development
84098,Merle,Shalesh,Sales
84114,Naudin,Gaetan,Development
84138,Maginnis,Jovan,Development
84139,Walston,Fabrizio,Development
84188,Holburn,Serenella,Development
84202,Serre,Atreye,Development
84214,Chaudhuri,Van,Development
84219,Vuskovic,DeForest,Sales
84260,Boreale,Gunilla,Development
84263,Henseler,Jackson,Sales
84268,Belinskaya,Kazuhira,Development
84292,Luff,Leaf,Development
84305,Kalloufi,Minghong,Development
84331,Rousseau,Ziyad,Sales
84340,Granlund,Moriyoshi,Sales
84362,Maccarone,JoAnne,Development
84370,Reghbati,Fei,Sales
84382,Wallrath,Harjit,Development
84383,Eickenmeyer,Samphel,Development
84419,Foote,Hailing,Development
84458,Molenkamp,Toshiko,Development
84459,Barreiro,Amalendu,Development
84475,Erni,Kien,Development
84487,Hashii,Apostol,Development
84502,Tomescu,Murthy,Development
84510,Leaver,Matt,Development
84552,Sidou,Pramod,Development
84568,Peltason,Denny,Development
84587,Bressoud,Sangeeta,Development
84592,Ressouche,Xinglin,Development
84600,Chachaty,Sham,Development
84606,Kawashimo,Gully,Development
84621,Ducloy,Weiye,Sales
84626,Pena,Yonghong,Development
84629,Kaltofen,Heon,Sales
84648,Siepmann,Piyush,Sales
84662,Kalafatis,Sanjeeva,Sales
84671,Dalphin,Lenore,Development
84672,Lamparter,Mihalis,Sales
84685,Jullig,Alejandra,Development
84686,Vieri,Rosli,Development
84720,Champarnaud,Akemi,Sales
84734,Kadhim,Khedija,Development
84743,Picaronny,Juichirou,Development
84747,Felcyn,Yoshinari,Sales
84754,Pelz,Sergi,Development
84760,Callaway,Takushi,Development
84773,Frolund,Naraig,Development
84821,Vieri,Magy,Sales
84883,Khalil,Vishv,Sales
84901,Peak,Lucien,Sales
84907,Smailagic,Miomir,Sales
84917,Fetvedt,Rafael,Development
84944,Angiulli,Arto,Development
84947,Auyong,Sasan,Development
84974,Pell,Baocai,Development
84999,Koblitz,Turgut,Sales
85017,Swiler,Falguni,Sales
85028,Heydon,Ebru,Sales
85057,Sadowsky,Charlene,Development
85079,Wossner,Shan,Sales
85096,Feinberg,Xinglin,Development
85110,Maquelin,Volkmar,Sales
85111,Kavraki,Sastry,Sales
85184,Peng,Gretta,Development
85199,Barbanera,Souichi,Development
85201,Berstel,Taiji,Sales
85204,Silva,Moni,Sales
85206,Navazio,Shahar,Development
85215,Detkin,Along,Sales
85219,Zaiane,Anyuan,Development
85220,Lipner,Kristin,Development
85230,Demke,Gal,Sales
85267,Winter,Masaru,Sales
85273,Morrow,Sarita,Development
85278,Karnin,Kamakshi,Development
85300,Domenig,Panayotis,Development
85328,Kitsuregawa,Kien,Development
85371,Lanphier,Suebskul,Sales
85374,Herber,Hairong,Development
85394,Conta,Sastry,Development
85406,Matzke,Serap,Sales
85416,Melton,Haldun,Development
85470,Mahmud,Domenick,Development
85489,Zwicker,Adas,Sales
85524,Tokunaga,Lillian,Development
85532,Imataki,Jinxi,Development
85537,Bernatsky,Tzu,Sales
85552,Perko,Atilio,Development
85555,Morrow,Parke,Development
85583,Hiyoshi,Sanjeeva,Development
85587,Schiettecatte,Naftaly,Development
85609,Benner,Otmar,Development
85621,Peha,Steen,Sales
85641,Buescher,Breannda,Sales
85645,Ashish,Henk,Development
85647,Waymire,Kristian,Sales
85655,Figueira,Radhia,Development
85675,Spell,Ziya,Development
85696,Mitzlaff,Wuxu,Sales
85719,Rosti,Satosi,Sales
85725,Candan,Khedija,Sales
85743,Wissmann,Ramalingam,Sales
85755,Ozeri,Aloys,Sales
85776,Reutenauer,Dante,Sales
85784,Cronau,Nechama,Sales
85788,Streng,Khaled,Development
85796,Boissier,Honglan,Sales
85812,Erbe,Seshu,Development
85825,Zedlitz,Hongzhu,Sales
85827,Schach,Basant,Sales
85850,Usdin,Leszek,Development
85861,Reeker,Roselyn,Sales
85865,Mitina,Vidar,Development
85866,Baek,Dinkar,Sales
85883,Reghbati,Takahito,Development
85894,Eugenio,Teunis,Development
85901,Hagimont,Tommaso,Sales
85921,Puoti,Shin,Development
85924,Menhardt,Gita,Development
85939,Schlegelmilch,Xinyu,Sales
85968,Lorch,Idoia,Development
85988,Brlek,Aiichiro,Sales
86003,Zielinski,Khaled,Development
86014,Zeilberger,Maris,Development
86029,Cronau,Yuguang,Development
86037,Badache,Khaled,Sales
86047,Suppi,Ebru,Development
86065,Fetvedt,Suebskul,Development
86070,Restivo,Diederik,Development
86071,Kavvadias,Premsyl,Sales
86083,Spell,Parke,Development
86103,Asmuth,Zhiguo,Development
86155,Luke,Tadahiko,Development
86175,Herbst,Marc,Development
86217,Asrin,Mari,Development
86252,Selenyi,Mahendra,Sales
86267,Guting,Masato,Development
86269,Swift,Kristinn,Sales
86284,Wrigley,Fabrizio,Development
86297,Feldmann,Susuma,Development
86310,Picel,Remmert,Development
86321,Vasanthakumar,Shiv,Development
86342,Boguraev,Marit,Development
86351,Staylopatis,Jackson,Sales
86395,Grospietsch,Duke,Sales
86399,Baek,Guozhong,Sales
86403,Vickson,Arto,Sales
86404,Quaggetto,Jungsoon,Development
86437,Bednarek,Zvonko,Development
86491,Conta,Shuzo,Development
86493,Katalagarianos,Yongmin,Development
86523,Bolotov,Shakhar,Sales
86540,Nitta,Turgut,Development
86549,Itzfeldt,Ute,Sales
86559,Tsukuda,Weiye,Development
86561,Frolund,Thodoros,Development
86608,Shigei,Honglan,Sales
86612,McAffer,Yuchang,Sales
86626,Polajnar,Sashi,Sales
86628,Setia,Ibibia,Development
86631,Isaac,Tristan,Development
86634,Terlouw,Odysseas,Development
86654,Taubenfeld,Jeane,Sales
86675,Basagni,Hairong,Development
86746,Seiwald,Parke,Development
86754,Vigier,Guadalupe,Sales
86776,Danecki,Palash,Sales
86788,Saoudi,Golgen,Sales
86824,Motley,Constantine,Sales
86831,Nanard,KayLiang,Sales
86842,Jansen,Sukumar,Development
86853,Giveon,Dhritiman,Sales
86869,Birsak,Arunas,Development
86871,Zolotykh,Djenana,Development
86899,Kadhim,Deborah,Development
86905,Streng,Alenka,Development
86906,Fiutem,Adel,Development
86934,Strooper,Jovan,Development
86948,Swan,Rosita,Sales
86969,Rijckaert,Shai,Development
86973,Honiden,Shao,Development
86984,Kawashima,Lakshmi,Development
87001,Maquelin,Sanjit,Sales
87022,Eterovic,Mario,Development
87030,Prenel,Shmuel,Sales
87043,Anily,Fay,Development
87050,Sgarro,Kiyokazu,Development
87054,Kandlur,Szabolcs,Development
87059,Leuchs,Girolamo,Sales
87060,Birdsall,Willard,Sales
87064,Bednarek,Ewing,Development
87070,Farrow,Tsz,Development
87078,Muntz,Boalin,Development
87094,Turnbull,Stevo,Development
87115,Zyda,Charlene,Sales
87137,Tsunoo,Aluzio,Sales
87139,Koblick,Magy,Development
87144,Naudin,Kshitij,Development
87158,Neiman,Nahid,Development
87160,Gihr,Nevio,Development
87161,Sudkamp,Ennio,Sales
87168,Beerel,Herb,Development
87170,Gide,Macha,Development
87196,Ozery,Caolyn,Development
87199,Luck,Yefim,Development
87202,Coors,Hatem,Sales
87232,Thebaut,Arch,Development
87234,Mungall,Boriana,Sales
87246,Melichar,Boaz,Sales
87266,Stafford,Aral,Sales
87274,Gide,Hilari,Sales
87319,Bain,Zita,Development
87347,Katalagarianos,Kazuhiko,Sales
87358,Sridhar,Ipke,Development
87366,Rubsam,Aria,Sales
87372,Stellhorn,Maren,Sales
87374,Maraist,Sampalli,Sales
87375,Comyn,Ishfaq,Development
87393,Erdi,Ashish,Development
87401,Zweizig,Shietung,Development
87422,Lorcy,Mohamadou,Development
87449,Validov,Golgen,Development
87483,Baranowski,Vesna,Development
87492,Kushner,Susuma,Development
87504,Takanami,Fumiya,Development
87526,Lanphier,Turgut,Sales
87534,Apsitis,Golgen,Sales
87568,Usery,Erez,Development
87585,Morrin,Oscar,Development
87603,Hellwagner,Mostafa,Sales
87640,Swift,Shigehito,Development
87663,Pews,Lenore,Development
87681,Birge,IEEE,Development
87693,Osgood,Mikhail,Development
87697,Luit,Sanjoy,Sales
87711,Dulay,Willard,Sales
87723,Kowalchuk,Uwe,Development
87751,Frolund,Lakshmi,Sales
87806,Shokrollahi,Khatoun,Sales
87824,Falster,Serenella,Development
87851,Asser,Aloys,Sales
87852,Pokrovskii,Nikolaos,Sales
87864,Zuberek,Gil,Development
87869,Luit,Alassane,Sales
87875,Reeker,Anneli,Development
87877,Undy,Sampalli,Sales
87881,Masaki,Yechezkel,Development
87902,Compeau,Phuoc,Development
87933,Ruther,Uma,Development
87948,Kalafatis,Subhash,Development
87951,Rohrbach,Ottavia,Development
87958,Mattern,Leandro,Development
87969,Borstler,Junichi,Development
87982,Conia,Lijia,Development
87992,Iivonen,Moriyoshi,Sales
87993,Hiraishi,Masasuke,Development
88005,Brookman,Mrinalini,Development
88010,Ventosa,Prodip,Sales
88013,Vasanthakumar,Frederique,Sales
88015,Akiyama,Dmitry,Development
88025,Fordan,Mahendra,Development
88032,Serra,Urs,Sales
88072,Vecchio,Jeanne,Development
88080,Heuser,Mack,Sales
88136,Stille,Shir,Development
88145,Ernst,Sanjit,Development
88171,Eterovic,Genevieve,Development
88182,Christianini,Kristinn,Development
88190,Radivojevic,Lech,Sales
88195,Krogh,Ghassan,Development
88213,Varman,Zvonko,Development
88247,Fasbender,Marjo,Sales
88262,Stassinopoulos,Sham,Development
88269,Kaelbling,Demin,Sales
88298,Vidya,Shuji,Development
88299,Vidal,Kazunori,Sales
88314,Denti,Tsutomu,Development
88340,Fiutem,Gad,Sales
88354,Jiafu,Lijia,Sales
88358,Salinas,Trygve,Development
88378,Rodier,Shaz,Development
88382,Penz,Genta,Development
88387,Lundstrom,Sanjeeva,Development
88393,Farris,Kauko,Development
88401,Eiter,Evgueni,Sales
88408,Skrikant,Rasiah,Sales
88419,Murillo,Luerbio,Development
88441,Moehrke,Mart,Development
88449,Naudin,Lihong,Development
88497,Slobodova,Chinhyun,Development
88503,Rosenbaum,Anestis,Development
88544,Gilg,Yannik,Sales
88548,Heijenga,Baruch,Development
88556,Ravishankar,Ute,Development
88579,Himler,Vasilii,Development
88599,Schneeberger,Kristin,Development
88600,Ranze,Bernd,Sales
88604,Sgarro,Sanjit,Development
88616,Esposito,Tadahiro,Development
88629,Acton,Mayuko,Sales
88642,Feldhoffer,Morris,Development
88663,Deville,Adly,Development
88714,Ranum,Paris,Development
88741,Rattan,Ottavia,Development
88748,Sigstam,Satoru,Development
88754,Thorensen,Garnet,Sales
88776,Kaiser,Bedir,Sales
88778,Gruenwald,Mohammed,Development
88806,Ernst,Laurentiu,Sales
88811,Ghazalie,Filipp,Sales
88825,Alvarado,Fun,Development
88855,Zweizig,Bojan,Sales
88869,Plump,Miomir,Development
88893,Shanbhogue,Shaleah,Development
88924,Alameldin,Qiwen,Development
88937,Waschkowski,Angel,Development
88938,Detkin,Rosine,Sales
88975,Baak,Miomir,Sales
88987,Prenel,Miomir,Development
88997,Giveon,Leif,Development
89002,Pelz,Luisa,Development
89010,Weisert,Jingling,Development
89022,Orlowski,Atilio,Sales
89026,Siprelle,Rafols,Sales
89038,Kambil,Troy,Development
89051,Ritzmann,Demos,Sales
89053,Bolsens,Arunachalam,Development
89063,Marshall,Gen,Development
89074,Chandrasekhar,Dmitry,Sales
89080,Smeets,Gil,Development
89119,Cyne,Pranjal,Development
89133,Kermarrec,Fumino,Development
89136,Swab,Poornachandra,Development
89137,Melski,Lucien,Development
89154,Isaak,Dietrich,Sales
89179,Kranzdorf,Weijing,Sales
89222,Hatcliff,Chiradeep,Development
89265,Gopalakrishnan,Munir,Sales
89270,Chachaty,Francoise,Development
89275,Jonsson,Menkae,Sales
89300,Schaar,Xiaoqiang,Development
89331,Narahara,Ranga,Development
89333,Iisaka,Mona,Development
89362,Flasterstein,Jiafu,Development
89367,Frezza,Zdislav,Development
89379,Bisiani,Akeel,Sales
89381,Anily,Paraskevi,Sales
89388,Hasenauer,Divier,Development
89399,Smeets,Erzsebet,Development
89404,Peng,Arnd,Development
89425,Baba,Chandrasekaran,Sales
89431,Pileggi,Yunming,Development
89476,Perna,Xiaoqiang,Development
89480,Angelov,Palash,Sales
89507,Orlowska,Diederik,Development
89525,Pleszkun,Kristin,Development
89531,Boguraev,Sachem,Development
89532,Siochi,Bodh,Development
89537,Tasistro,Gaurav,Development
89553,Pocchiola,Gilbert,Development
89567,Masand,Kankanahalli,Sales
89573,Varley,Ute,Sales
89640,Muhling,Sreekrishna,Sales
89663,Loncour,Dietrich,Development
89690,Back,Sukumar,Sales
89710,Dredge,Jingling,Development
89743,Ferriere,Hugo,Development
89760,Ducloy,Mandell,Sales
89767,Bonifati,Minghong,Sales
89776,Remmers,Seongbae,Sales
89785,Beerel,Amabile,Development
89795,Kirkerud,Yinlin,Development
89812,Vingron,Boriana,Development
89825,Isard,Ingmar,Sales
89859,Lalonde,Guangming,Development
89882,Murrill,Abdulla,Development
89885,Zumaque,Supot,Development
89887,Munro,Zhonghui,Sales
89912,Ouhyoung,Dietrich,Development
89915,Lores,Qunsheng,Development
89928,Sambasivam,Gully,Development
89932,Sanella,Kerryn,Development
89949,Talmon,Jaques,Development
89957,Sadowski,Tua,Development
90029,Melton,Boaz,Development
90051,Benzmuller,Venkatesan,Sales
90052,Cangellaris,Gill,Sales
90055,Kumaresan,Barna,Development
90059,Setia,Fumiyo,Development
90078,Champarnaud,Susuma,Sales
90080,Taubenfeld,Hyuncheol,Development
90083,Radwan,Toney,Development
90100,Munoz,Xinglin,Development
90122,Halevi,Taisook,Sales
90125,Reghbati,Shugo,Development
90138,Selvestrel,Shin,Development
90152,Birrer,Chenye,Development
90163,Ghandeharizadeh,Harjit,Development
90179,Pramanik,Sajjad,Development
90213,Kobara,Kotesh,Development
90256,Brender,Toney,Development
90261,Merle,Rimli,Development
90277,Alencar,Conor,Development
90284,Sullins,Oguz,Development
90288,Shumilov,Jaideep,Development
90304,Kavvadias,Shigenori,Development
90306,Cangellaris,Gully,Sales
90309,Siegrist,Zengping,Development
90329,Renear,Palash,Sales
90353,Cooley,Mingzeng,Development
90357,Lunn,Honglan,Development
90390,Kadhim,Marko,Sales
90403,Gilg,Yucel,Sales
90413,Ramamoorthy,Qunsheng,Development
90425,Schrift,Masasuke,Development
90428,Braunschweig,Niranjan,Sales
90471,Pelz,Gao,Development
90497,Dulin,Radoslaw,Sales
90519,Rodite,Syozo,Sales
90527,Erman,Shuzo,Development
90572,Tokunaga,Naraig,Development
90603,Birge,Kristine,Development
90637,Kusakabe,Kauko,Sales
90661,Marquardt,Christ,Development
90672,Vernadat,Xiaoqiang,Development
90673,Hutton,Younwoo,Development
90680,Nyrup,Frederique,Development
90687,Limongiello,Babette,Development
90714,Manderick,Boriana,Sales
90738,Christianini,Pranav,Development
90748,Giveon,Monique,Sales
90749,Vesna,Martins,Sales
90760,Vingron,Hein,Development
90765,Neiman,Lein,Development
90771,Luon,Divier,Development
90776,Skrikant,Bouchung,Sales
90793,Acton,Jinpo,Development
90810,Buchter,Barton,Development
90812,Thibadeau,Marie,Sales
90821,Kadhim,Jingling,Development
90844,Heuter,Nahla,Development
90857,Thisen,Kish,Sales
90862,Billingsley,Masadi,Sales
90867,Parfitt,Kristin,Development
90880,Einsfeld,Prodip,Sales
90889,Braccini,Berhard,Development
90895,Lorch,Guenter,Development
90901,Rousseau,Gudjon,Development
90912,Feldmann,Kazunori,Development
90913,Levergood,Xiahua,Development
90914,Mandell,Danel,Development
90917,Streit,Alejandra,Development
90931,Rousseau,Sadun,Sales
90936,Yavatkar,Xinglin,Sales
90964,Kuszyk,Basil,Development
90975,Brickell,Dulce,Development
90993,Benzaken,Masaki,Development
91009,Liedekerke,Minghong,Development
91018,Binding,Vitali,Development
91024,Kinley,Roddy,Development
91032,Tetzlaff,Karsten,Sales
91058,Litzkow,Weijing,Sales
91080,Skogmar,Parviz,Sales
91093,Luders,Josyula,Sales
91113,Begiun,Goncalo,Sales
91139,Quittner,Gererd,Sales
91150,Schaad,Kwee,Sales
91153,Clouatre,Yefim,Development
91187,Falby,Shigehito,Sales
91202,Zlotek,Yonghong,Sales
91204,Shigei,Wanqing,Development
91225,Mamelak,Pranjal,Sales
91246,Makrucki,Xiaoshan,Development
91265,Ohori,Somnath,Sales
91270,Hiraishi,Xiahua,Development
91280,Conte,Surveyors,Sales
91310,Kakkad,Gaurav,Sales
91314,Fendler,Hilari,Development
91325,Beutelspacher,Phillip,Sales
91341,Fontan,Weiru,Development
91382,Puppe,Oksana,Sales
91420,Suppi,Jacqueline,Sales
91426,Sidhu,Alagu,Development
91429,Pollock,Shaunak,Sales
91452,Flasterstein,Nevio,Sales
91475,Raczkowsky,Pranay,Sales
91486,Nyanchama,Willard,Development
91493,Gien,Filipe,Development
91496,Casperson,Sven,Sales
91500,Kriebel,Bogdan,Development
91506,Isaac,Lillian,Sales
91510,Murthy,Chandrasekaran,Development
91517,Hofstetter,Serif,Sales
91521,Murthy,Akeel,Sales
91553,Wendorf,Arfst,Development
91563,Munos,Hugh,Development
91566,Rohrbach,Hongzue,Sales
91589,Kavraki,Jaber,Development
91602,Weedman,Jackson,Sales
91607,Speckmann,Josyula,Development
91620,McDermid,Jenwei,Development
91637,Menhoudj,Gino,Sales
91638,Siprelle,Youjian,Development
91656,Collavizza,Clyde,Development
91675,Wrigley,Parke,Sales
91688,Veevers,Vishv,Development
91702,Stanfel,Kensei,Development
91720,Suwa,Phillip,Development
91722,Dolinsky,Yonghoan,Development
91756,Vandervoorde,Xiaobin,Sales
91774,Pietracaprina,Hugo,Sales
91775,Nishimukai,Kristian,Development
91820,Hofman,Arunachalam,Development
91845,Zeidenstein,Caolyn,Development
91850,Keirsey,Rasikan,Development
91871,Androutsos,Selwyn,Development
91885,Moehrke,Fai,Development
91888,Werthner,Peer,Development
91891,Peac,Mariusz,Sales
91913,Hofmeyr,Alain,Development
91932,Crooks,Zhenhua,Development
92027,Adachi,Georg,Development
92053,Gonthier,Uri,Development
92054,Cooley,Gonzalo,Development
92063,Olivero,Deniz,Sales
92089,Fiutem,Youjian,Development
92117,Hammerschmidt,Djelloul,Development
92128,Servi,Manton,Development
92135,Kitai,Sakthirel,Development
92136,Kamber,Isaac,Development
92145,Schueller,Marl,Sales
92157,Matzel,Ioana,Sales
92210,Assaf,Kazuhito,Development
92232,Worfolk,Hilari,Development
92244,Gadepally,Vojin,Sales
92251,Furudate,Jianhao,Development
92262,Imataki,Danae,Development
92266,Polajnar,Tzvetan,Development
92323,Azuma,Florina,Sales
92338,Verspoor,Fun,Development
92359,Hanratty,Berto,Sales
92415,Lemarechal,Zorica,Sales
92429,Yurov,Mariusz,Development
92442,Birdsall,Lenore,Development
92513,Asrin,Honesty,Development
92517,Suessmith,Mamdouh,Development
92555,Erez,Mabo,Development
92563,Ranze,Kensyu,Development
92592,Lorho,Kirk,Sales
92690,Yurov,Jackson,Development
92745,Morrin,Haldun,Development
92754,Kushnir,Yucai,Sales
92764,McFarlan,Zeydy,Development
92770,Braunmuhl,Sudharsan,Development
92797,Ligten,Shalesh,Sales
92802,Luks,Alair,Sales
92804,Roison,Tonny,Sales
92829,Kalefeld,Nechama,Development
92835,Godskesen,Freyja,Development
92842,Lorie,Maris,Development
92870,Imataki,Atilio,Development
92878,Birjandi,Phule,Sales
92892,Cronau,Eldridge,Development
92898,Ghazalie,Gil,Sales
92907,Marshall,Kazuyasu,Development
92914,Vecchi,Murthy,Sales
92922,Eiter,Aluzio,Sales
92941,Luit,Jayson,Development
92965,Salinas,Weiye,Sales
92980,Kakkad,Quingbo,Development
92983,Rosca,Masoud,Development
92987,Emden,Kiyotoshi,Sales
93001,Pusterhofer,Kersti,Sales
93017,Terkki,Gian,Development
93020,Fraisse,Masako,Development
93037,Gronowski,Martijn,Development
93038,Michaeli,Chenyi,Sales
93049,Ananiadou,Christoper,Development
93061,Matteis,Cheong,Development
93080,Heering,Amstein,Sales
93107,Buchter,Martien,Development
93130,Neimat,Kwun,Sales
93150,Papsdorf,Piyush,Sales
93161,Garrabrants,Giao,Sales
93183,Marzano,Kenton,Development
93197,Magliocco,Arie,Sales
93203,Zizka,Danel,Sales
93219,Kolinko,Dulce,Development
93221,McDermid,Sanjit,Sales
93222,Bottner,Amalendu,Development
93224,Gonthier,Shigeo,Development
93241,Borstler,Juichirou,Sales
93254,Cichocki,Shigeo,Sales
93299,Swist,Hatsukazu,Development
93302,Porenta,Mohammad,Sales
93314,Beeson,Carrsten,Development
93321,Nivat,Masako,Sales
93329,Anily,Shirish,Sales
93338,Stifter,Shim,Development
93344,Escriba,Bernardo,Sales
93357,Prochazka,Padma,Sales
93366,Schach,Heejo,Sales
93381,Streng,Hercules,Development
93389,Hooghiemstra,Sungwon,Development
93396,Penn,Giap,Development
93399,Bennet,Rosalie,Development
93404,Willoner,Shuzo,Sales
93410,Zastre,Jouni,Development
93412,Sinicrope,Sivanarayana,Sales
93416,Flowers,Naftaly,Sales
93426,Kambil,Olivera,Development
93430,Baar,Golgen,Sales
93433,Tchuente,Abdelkader,Sales
93450,Kieras,Jiakeng,Sales
93492,Yetim,Lenore,Development
93493,Byoun,Amstein,Development
93495,Gill,Lunjin,Development
93509,Perl,Lijie,Development
93520,Unni,Angel,Sales
93522,Ventosa,Alselm,Development
93536,Zongker,Zhonghua,Development
93539,Heystek,Stevo,Sales
93551,Shrader,Sanjay,Sales
93576,Thorensen,Xuedong,Sales
93611,Gronowski,Mizuhito,Sales
93634,Chelton,Dietrich,Sales
93662,Marwedel,Mong,Sales
93670,Pulkowski,Djelloul,Development
93682,Mukaidono,Mari,Development
93722,Kavraki,Tetsurou,Sales
93735,Krichel,Bernice,Development
93742,Ushiama,Shay,Sales
93745,Schrooten,Mandell,Development
93763,Jullig,Kazuhisa,Sales
93798,Azumi,Monique,Development
93825,Mitsuhashi,Rosella,Development
93884,Felder,Yucai,Development
93903,Capobianchi,Filipe,Sales
93915,Waymire,Genevieve,Development
93921,Driscoll,Chuanti,Development
93928,Axelband,Tomoyuki,Sales
93932,Parveen,Giap,Sales
93938,Veeraraghavan,Boutros,Sales
93958,Cyre,Morrie,Development
93960,Seghrouchni,Xianlong,Sales
93961,Brickell,Chaitali,Development
93989,Strooper,Troy,Sales
93995,Luon,Saeed,Development
93998,Coombs,Freyja,Development
94008,Itzfeldt,Sumali,Sales
94030,Shobatake,Masato,Development
94032,Katiyar,Jinya,Development
94034,Riesenhuber,Vasilis,Development
94035,Gulik,Zejun,Development
94042,Bruckman,Yonghoan,Sales
94100,Guardalben,Kwangsub,Development
94118,Ellozy,Gina,Development
94120,Ohori,Limsoon,Development
94126,Kriebel,Elvis,Development
94142,Avouris,Weiyi,Development
94145,Crouzet,Uli,Development
94160,Serdy,Gila,Development
94164,Naumovich,Frazer,Sales
94172,Bage,Ronnie,Sales
94175,Thisen,Shuky,Development
94210,Pouyioutas,Ekawit,Sales
94211,Yurov,Martins,Development
94229,Thambidurai,Shen,Development
94250,Falby,Jianhao,Sales
94265,Hasenauer,Danny,Development
94270,Heuser,Serge,Development
94285,Munro,Goa,Development
94287,Buchter,Kiyokazu,Sales
94299,Chenney,Collette,Development
94309,Zobel,Tomoyuki,Development
94320,Papsdorf,Kirk,Development
94332,Sudbeck,Teiji,Sales
94341,Serre,Bokyung,Development
94342,Demizu,Ramalingam,Development
94382,Eugenio,Bogdan,Development
94405,Escriba,Ramalingam,Sales
94410,Schieder,Iara,Sales
94425,Nergos,Kersti,Sales
94462,Lukaszewicz,Sadegh,Sales
94480,Majewski,Remzi,Development
94546,Kieras,Arnd,Development
94582,Baar,Willard,Development
94589,Heusch,Sibyl,Development
94596,Biros,Nahid,Development
94603,Kuszyk,Fox,Development
94658,Kaelbling,Basil,Sales
94666,Denti,Gudjon,Development
94680,Baja,Teruyuki,Sales
94681,Clemencon,Nigel,Development
94710,Schrooten,Anneke,Development
94732,Eiter,Heping,Development
94735,Peak,Rosine,Development
94749,Schlenzig,Brewster,Sales
94775,Kilgore,Moie,Sales
94777,Clemencon,Zongyan,Development
94815,Dusink,Kwun,Development
94818,Perly,Yuuichi,Sales
94833,Kleiser,Miyeon,Sales
94849,Koshino,Shao,Development
94864,Cronin,Boriana,Development
94870,Sherertz,Zhilian,Development
94871,Chenney,Kasidit,Sales
94913,Swen,Rayond,Development
94914,Preusig,Ranan,Sales
94920,Birrer,Gretta,Development
94987,Berendt,Kazuhira,Development
94998,Koblitz,Goh,Development
95133,Strandh,Shiv,Development
95223,Quittner,Torsten,Development
95277,Gist,Gina,Development
95278,Seghrouchni,Roselyn,Development
95281,Savasere,Kensyu,Sales
95285,Muhling,Dipayan,Development
95294,Bain,Dulce,Development
95317,Rosis,Srinidhi,Sales
95322,Demizu,Remzi,Sales
95323,Makinen,Patricia,Development
95346,Heering,Jouko,Sales
95362,Zyda,Yonghong,Sales
95365,Sichman,Xuejia,Development
95366,Gadepally,Hyuncheol,Sales
95376,Docker,Vishu,Development
95393,Magliocco,Udaiprakash,Development
95403,Hiyoshi,Dannz,Development
95405,Ellozy,Phillip,Sales
95420,Tyugu,Shmuel,Development
95428,Conde,Shuzo,Sales
95470,Gajiwala,Roddy,Sales
95472,Nitta,Martijn,Development
95473,Wallrath,Roselyn,Development
95503,Pulkowski,Pranay,Development
95505,Cooley,Tsz,Sales
95510,Christ,Mototsugu,Development
95541,Whitcomb,Chinho,Development
95549,Sooriamurthi,Arun,Sales
95558,Etalle,Vasiliy,Development
95601,Guting,Vincent,Sales
95639,Schapire,Maja,Sales
95647,Cheshire,Francoise,Development
95662,Spell,Martien,Development
95670,Krybus,Shaleah,Sales
95696,Schaft,Akemi,Development
95703,Mateescu,Goh,Development
95714,Kaiserswerth,Doohun,Development
95736,Glinert,Nahum,Development
95739,Syang,Lubomir,Sales
95808,Kobara,Zengping,Sales
95820,Perri,Hyuckchul,Development
95822,Teitelbaum,Divine,Development
95853,Flasterstein,Manton,Development
95883,Koshiba,Eirik,Sales
95890,Baba,Leni,Development
95891,Mondadori,Jinya,Development
95902,Mikschl,Adin,Sales
95943,Luit,Guozhong,Sales
95947,Stenning,Carrsten,Development
95992,Jenevein,Hirochika,Development
95999,Murillo,Owen,Sales
96016,Falco,Giao,Development
96059,Mandell,Valter,Development
96084,Piazza,Hauke,Sales
96099,Ritzmann,Roded,Development
96107,Geffroy,Luise,Development
96108,Krychniak,Hatsukazu,Development
96109,Chappelet,Jasminko,Sales
96122,Onuegbe,Muzhong,Sales
96129,Alvarado,Aloys,Development
96132,Wroclawski,Sachem,Development
96138,Ghalwash,Lidong,Development
96161,Riesenhuber,Hugh,Development
96162,Dehkordi,Tokuyasu,Development
96169,Bharadwaj,Roselyn,Development
96196,Zambonelli,Berthier,Development
96197,Himler,Yechiam,Development
96200,Sudkamp,Udaiprakash,Sales
96201,Guting,Suvo,Development
96278,Deyuan,Dipankar,Sales
96293,Brender,Vidar,Development
96311,Riesenhuber,Candido,Development
96314,Birjandi,Anneke,Sales
96324,Bharadwaj,Alejandro,Development
96346,Pettis,Gian,Development
96432,Raoux,Taisook,Development
96495,Navazio,Kerryn,Development
96521,Imataki,Gro,Sales
96556,Penn,Guttorm,Sales
96560,Kushner,Parto,Development
96562,Ghemri,Abdulah,Sales
96609,Kemmerer,Bowen,Development
96617,Peak,Shirish,Sales
96630,Porenta,Danai,Sales
96648,Perez,Josyula,Sales
96673,Oxman,Hironobu,Development
96682,Schapire,Pasqua,Development
96689,Roohalamini,Emdad,Development
96704,Koshino,Baziley,Development
96719,Detkin,Maren,Sales
96720,Merlo,Arie,Development
96753,Giveon,Claude,Sales
96766,Trachtenberg,Van,Development
96769,Parascandalo,Arun,Sales
96770,Solovay,Shirish,Sales
96844,Maliniak,Tommaso,Development
96846,Merel,Tran,Sales
96853,Rissanen,Maha,Development
96865,Ulupinar,Josyula,Development
96872,Munke,Nadjib,Development
96897,Willoner,Xiaobin,Development
96900,Solovay,Dekang,Development
96902,Ozeki,Khalil,Sales
96907,Hiraishi,Masamitsu,Sales
96911,Jeansoulin,Hirochika,Sales
96921,Waymire,Along,Development
96958,Shihab,Shaowen,Sales
96969,Fraisse,Chinhyun,Sales
96977,Pavlopoulou,Mabo,Development
96989,Shobatake,Youpyo,Sales
97026,Poulakidas,Aimee,Sales
97077,Fontan,Subbu,Development
97099,Kaiserswerth,Chinya,Development
97123,Suppi,Basim,Development
97126,Heyers,Nitsan,Development
97135,Underwood,Mechthild,Sales
97136,Clouatre,Bartek,Development
97194,Ozery,Dannz,Development
97208,Gelosh,Leif,Development
97221,Anick,Martina,Sales
97225,Erez,Adam,Development
97240,Krogh,Yongmin,Sales
97262,Esteva,Miomir,Development
97264,Roisin,Ennio,Development
97287,Rajala,Chanjung,Development
97315,Hoogerwoord,Hironoby,Development
97340,Hiyoshi,Vishu,Sales
97428,Sankaranarayanan,Rildo,Development
97466,Marwedel,Valdiodio,Sales
97468,Barvinok,Ramalingam,Sales
97492,Schnabel,Dante,Sales
97508,Garnier,Pantung,Sales
97516,Gente,Badri,Development
97523,Suppi,Bikash,Sales
97525,Krider,Shih,Development
97571,Itzigehl,Guoxiang,Development
97575,Maksimenko,Nahum,Development
97577,Perna,Masato,Sales
97586,Tsukuda,Wonhee,Development
97628,Luck,Xiaobin,Development
97648,Kornyak,Suvo,Sales
97654,Wynblatt,Martijn,Sales
97666,Alencar,Spyrose,Sales
97677,Poulakidas,Taegyun,Sales
97694,Cummings,Girolamo,Development
97695,Fendler,Sreekrishna,Sales
97723,Mapelli,Gou,Sales
97724,Pezzoli,Jagoda,Development
97726,Veevers,Guther,Sales
97745,Heijenga,Aleksandar,Sales
97755,DeMori,Zhongwei,Development
97770,Keustermans,Horward,Sales
97775,Mahmud,Maren,Development
97781,Neimat,Divine,Sales
97796,Schoegge,Jacopo,Development
97808,Bolotov,Dharmaraja,Sales
97810,Goodrum,Saeko,Development
97843,Lenart,Barna,Development
97848,Unni,Takanari,Sales
97866,Chandrasekhar,Tse,Development
97870,Socorro,Leah,Sales
97885,Edelhoff,Seshu,Sales
97886,Chartres,Mario,Development
97913,Staylopatis,Saeko,Development
97918,Pollacia,Adel,Sales
97938,Plavsic,Aiichiro,Sales
97948,Geffroy,Henk,Development
97956,Suessmith,Hinrich,Development
97985,Botman,Dekang,Development
98017,Gils,Sachio,Sales
98018,Pileggi,Yongdong,Sales
98038,Peron,Mack,Development
98052,Binding,JoAnne,Development
98054,Conry,Berry,Development
98060,Speckmann,Tzvetan,Sales
98063,Rusterholz,Danco,Development
98072,Merro,Luerbio,Development
98098,Eterovic,Feipei,Development
98105,Potthoff,Hausi,Development
98125,VanScheik,Subir,Development
98128,Ambroszkiewicz,Kazuhisa,Sales
98145,Schlegelmilch,Ziyad,Development
98169,Luft,Bedrich,Sales
98171,Busillo,Jaroslava,Development
98173,Ambroszkiewicz,Irena,Sales
98183,Besselaar,Masami,Sales
98192,Murtagh,Sumali,Development
98199,Felcyn,Sadun,Sales
98212,Slutz,Sham,Development
98236,Talmor,Shen,Development
98241,Kroha,Felicidad,Development
98247,Skafidas,Shakhar,Development
98253,Homond,Pragnesh,Development
98269,Ghazalie,Vasilii,Development
98270,Kawashimo,Kinh,Sales
98285,Piancastelli,Georg,Development
98305,Stranks,Yongmao,Development
98307,Leijenhorst,Douadi,Sales
98317,Vieri,Domenico,Development
98323,Ponthieu,Amalendu,Development
98338,Taneja,Guenter,Development
98358,Aingworth,Basim,Development
98377,Flanders,Steve,Sales
98394,Anick,Berthier,Development
98430,Langford,Fay,Development
98458,Pollock,Oguz,Development
98478,Heystek,Baruch,Development
98485,Homond,Chiradeep,Sales
98497,Cannata,Jianhao,Development
98518,Rahimi,Gad,Development
98536,Figueira,Francesca,Development
98558,Llado,Valery,Development
98586,Steenbeek,Kauko,Development
98619,Debuse,Sham,Development
98628,Bahl,Radhika,Development
98663,Segond,Serenella,Sales
98680,Tchuente,Serge,Development
98697,Harbusch,JiYoung,Sales
98713,Luit,Stabislas,Sales
98725,Kaminger,Gill,Development
98753,Murillo,Franziska,Sales
98766,Buchter,Gretta,Development
98768,Iacovou,Valery,Development
98805,Demizu,Junichi,Development
98807,Hanratty,Aloys,Sales
98813,Peck,Surveyors,Development
98838,Deville,Kazuhito,Development
98850,Picco,Augustine,Development
98854,Garrabrants,Kotesh,Development
98905,Negoita,Nikolaos,Development
98944,Erbe,Guiseppe,Development
98958,Denos,Jaideep,Sales
98973,Quittner,Aemilian,Development
98977,Alameldin,Richara,Development
98987,Suermann,Dipayan,Development
98992,Heping,Gonzalo,Development
98996,Kalloufi,Parke,Sales
99013,Cools,Tsz,Development
99014,Siprelle,Adly,Sales
99023,Kusakabe,Gill,Sales
99026,Broomell,Zhongwei,Sales
99040,Kalorkoti,Danil,Sales
99050,Krichel,Stevo,Sales
99061,Gustavson,Arco,Development
99071,Luders,Niranjan,Development
99097,Munawer,Toshiki,Development
99122,Schwabacher,Tooru,Development
99153,Montresor,Maik,Development
99173,Engberts,Evgueni,Development
99208,Bernick,Mokhtar,Development
99210,Morrin,Irene,Development
99221,Fiebach,Masamitsu,Sales
99226,Pehl,Mario,Development
99231,Wielonsky,Nahla,Development
99269,Gien,Leaf,Development
99272,Birge,Yuriy,Sales
99290,Basagni,Youssef,Development
99296,Kushner,Jaewoo,Sales
99297,Erman,Xinan,Development
99299,Claffy,Sachem,Development
99307,Thibadeau,Moto,Sales
99313,Caine,Masasuke,Development
99371,Vuskovic,Tokuyasu,Development
99376,Blokdijk,Olivera,Development
99390,Potthoff,Cristinel,Development
99400,Decaestecker,Hitomi,Sales
99408,Roisin,Idoia,Development
99431,Kusalik,Prodip,Sales
99438,Prochazka,Vidar,Sales
99443,Woycyznski,Zita,Sales
99451,Riexinger,Guenter,Sales
99456,Verspoor,Lech,Development
99473,Servi,Jaihie,Development
99481,Akaboshi,Arnd,Sales
99495,Alblas,Tayeb,Sales
99527,Duclos,Feipei,Development
99532,Picco,Percy,Sales
99550,Hebert,Tsvetan,Sales
99567,Oberman,Christfried,Development
99571,Slobodova,Rajmohan,Development
99583,Schmittgen,Holgard,Development
99585,Kropp,Khoa,Development
99592,Rubsam,Jayson,Sales
99608,Paludetto,Baruch,Development
99622,Taneja,Etsuo,Development
99643,Babu,Beshir,Sales
99649,Berstel,Danny,Development
99655,Borovoy,Elvis,Development
99671,Leppanen,Tsuneo,Sales
99681,Tramer,Henk,Sales
99703,Berstel,Manton,Development
99716,Casperson,Luerbio,Sales
99719,Ramamoorthy,Sreekrishna,Sales
99729,Porenta,Dmitri,Sales
99740,Wiegley,Adly,Sales
99769,Winter,Xinyu,Sales
99771,Lund,Gudjon,Development
99775,Denis,Shigeaki,Sales
99779,Taubenfeld,Rasiah,Development
99792,Calkin,Kensyu,Sales
99794,Garnick,Kristin,Development
99804,Benner,Abdelghani,Development
99823,Chiodo,Yoshinari,Development
99833,Tsukuda,Alagu,Development
99845,Matheson,Ebru,Development
99860,Homond,Mitchel,Development
99876,Angiulli,Zhonghui,Development
99883,Linares,Dulce,Development
99895,Feldmann,Olivera,Development
99932,Terwilliger,Eishiro,Development
99966,Ferretti,Masali,Sales
99972,Schaaf,Jaana,Sales
99989,Docker,Divine,Development
100008,Selvestrel,Otmar,Development
100013,Bernardinello,Gunilla,Development
100023,Emiris,Boutros,Development
100024,Pelz,Godehard,Sales
100042,Turnbull,Raimond,Sales
100046,Jumpertz,Jayson,Development
100101,Egerstedt,Shakhar,Development
100108,Underwood,Kwangho,Sales
100137,Bail,Seongbae,Development
100138,Prenel,Changho,Development
100142,Isard,Terresa,Sales
100146,Woycyznski,Nalini,Development
100158,Falby,Ayakannu,Development
100159,Boudaillier,Sakthirel,Development
100169,Angot,Ingmar,Development
100175,Maginnis,Willard,Development
100180,Lichtner,Ohad,Development
100206,Wrigley,Arumugam,Development
100246,Jording,Berna,Sales
100257,Poulakidas,Mahmut,Development
100259,Laurillard,Jiang,Development
100264,Hegner,Jaroslava,Development
100274,Miyakawa,Fei,Sales
100279,Gustavson,Mingdong,Sales
100303,Pargaonkar,Huei,Development
100317,Lorys,Xiaopeng,Sales
100333,Radivojevic,Kyoichi,Development
100338,Reeker,Aiman,Development
100347,Gajiwala,Otmar,Sales
100349,Jarecki,Gianluca,Development
100358,Falby,Lucian,Development
100382,Wynblatt,Mariangiola,Development
100384,Yurek,Richara,Development
100395,Kavraki,Sadun,Sales
100406,Coors,Yoshinari,Sales
100428,Einsfeld,Fayez,Development
100429,Brender,Jayesh,Development
100436,Gini,Subhankar,Sales
100444,Itzigehl,Arno,Sales
100465,Potthoff,Takahira,Development
100474,Sichman,Valery,Development
100486,Maksimenko,Radhakrishnan,Sales
100492,Tibblin,Vincent,Sales
100497,Fortenbacher,Tze,Development
100513,Walston,Kenroku,Sales
100531,Kranzdorf,Toshiko,Development
100534,Luga,Aamer,Sales
100555,Gecsel,Lucien,Sales
100574,Bennet,Lucien,Sales
100583,Schnelling,Goetz,Development
100607,Yetto,Irene,Development
100653,Maraist,Georgi,Development
100673,Jiang,Giri,Sales
100682,Pepe,Ingemar,Development
100686,Beausoleil,TRUE,Sales
100721,Bade,Poornachandra,Development
100725,Maliniak,Zvonko,Sales
100746,Rehfuss,Heather,Sales
100753,Baca,Zsolt,Development
100838,Serre,Kristin,Development
100842,Brobst,Dante,Development
100845,Angelov,Bezalel,Development
100846,Kalloufi,Mark,Development
100853,Coombs,Aris,Development
100854,Kaiserswerth,Serge,Development
100889,Spelt,Mariusz,Development
100897,Clemencon,Oksana,Development
100914,Shackell,Erzsebet,Development
100920,Byoun,Henk,Development
100933,Taneja,Uli,Sales
100934,Czaja,Goncalo,Development
100960,Candan,Saniya,Development
100965,Bultermann,Lucian,Sales
100998,Portugali,Breannda,Sales
101003,Kusakabe,Pranas,Development
101005,Erni,Niranjan,Development
101018,Serra,Shigeu,Development
101034,Tyugu,Elgin,Development
101067,Schmittgen,Kerhong,Development
101073,Iwayama,Yongdong,Development
101096,Zaccaria,Make,Development
101098,Norsworthy,Maya,Sales
101123,Wossner,Henk,Sales
101133,Heuter,Val,Sales
101142,Gini,Sedat,Development
101153,Gill,Manohar,Sales
101172,Schoegge,Nevio,Sales
101180,Przulj,Subhada,Sales
101218,Huhdanpaa,Basil,Development
101221,Saoudi,Phule,Development
101239,Khalil,Toshimori,Sales
101240,Perin,Oldrich,Sales
101249,Krider,Dinkar,Sales
101254,Reinhard,Franziska,Development
101265,Pluym,Emran,Sales
101291,Mapelli,Kellie,Development
101321,Beetstra,Arvind,Development
101331,Hagimont,Tsz,Development
101378,Monkewich,Reinhold,Sales
101405,Fasbender,Takahito,Development
101414,DasSarma,Xiaoheng,Sales
101428,Muhling,Tiina,Development
101445,Dehkordi,Remzi,Sales
101470,Champarnaud,Toshiki,Development
101479,Halloran,Hatsukazu,Development
101505,Gornas,Dietrich,Sales
101509,Kilgore,Goncalo,Development
101519,Macedo,Marek,Development
101523,Quadeer,Vishv,Development
101524,Iisaku,Abdulah,Development
101530,Debuse,Sushant,Development
101537,Cyre,Luigi,Development
101558,Tischendorf,Wojceich,Development
101559,Kisuki,Rasiah,Development
101564,Liedekerke,Gay,Sales
101587,Puppo,Hironobu,Sales
101608,Mundy,Girolamo,Sales
101610,Poulakidas,Olivera,Development
101628,Bardell,Sudharsan,Sales
101638,Conta,Gaurav,Development
101656,Kornyak,Yaghout,Sales
101681,Fasbender,Goh,Development
101688,Worfolk,Bilhanan,Development
101690,Lally,Dante,Sales
101709,Leslie,Zine,Sales
101719,Wolniewicz,Nadjib,Development
101721,Cooke,Hidefumi,Development
101778,Peha,Aamer,Development
101785,Katalagarianos,Noritoshi,Sales
101800,Iwayama,Arlette,Development
101808,Hedayat,Atreye,Development
101813,Turnbull,Shai,Development
101833,Couchot,Cordelia,Sales
101848,Kolinko,Jouko,Sales
101850,Moehrke,Domenico,Development
101869,Siprelle,Zhanqiu,Sales
101878,Stroustrup,Tetsushi,Sales
101888,Ritcey,Eran,Development
101915,Chenoweth,Mayuri,Development
101928,Baezner,Avishai,Development
101932,Hashii,Christophe,Development
101949,Pettis,Foong,Development
102011,Lund,Genevieve,Development
102027,Isaak,Gladys,Development
102037,Borovoy,Yongqiao,Sales
102061,Nittel,Niclas,Development
102079,Thiria,Gay,Development
102115,Kobara,Keiichiro,Sales
102144,Karlin,Bernice,Development
102191,Menyhert,Nikolaos,Development
102217,Luks,Christ,Development
102239,Seuren,Jaroslava,Development
102240,Rodite,Shmuel,Development
102257,Tsukune,Stella,Development
102292,Peltason,Fumiyo,Development
102298,Selenyi,Tianruo,Development
102320,Sichman,Bangqing,Development
102372,Jahnichen,Maik,Development
102385,Sidou,Mountaz,Development
102388,Ponthieu,Takanari,Sales
102405,Danlos,Kagan,Sales
102410,Alpay,Boalin,Sales
102430,Openshaw,Mamdouh,Development
102433,Peek,Arch,Sales
102440,Farrow,Yucai,Sales
102456,Kaminger,Leni,Sales
102479,Facello,Serap,Sales
102496,Hiraishi,Ayonca,Development
102514,Huttel,Arne,Development
102520,Remmers,Tetsurou,Development
102605,Basart,Chinhyun,Development
102632,Radwan,Caolyn,Development
102654,Makinen,Gregory,Development
102673,Vigier,Stamatina,Sales
102682,Reutenauer,Oscar,Sales
102692,Lindenbaum,Saniya,Sales
102700,Hedayat,Juichirou,Development
102710,Szmurlo,Divier,Development
102728,Jiang,Make,Sales
102741,Naumovich,Palash,Sales
102754,Huhdanpaa,Mohua,Development
102757,Pardalos,Arno,Development
102793,Benzaken,Joydip,Development
102801,Chachaty,Chanjung,Development
102804,Kolvik,Xiaoqiang,Development
102810,Birsak,Jiafu,Sales
102823,Schusler,Guadalupe,Development
102828,Fadgyas,Divine,Development
102851,Bruckman,Xudong,Development
102870,Alpay,Marsal,Sales
102922,Nitsche,Kasidit,Development
102942,Vilarrasa,Gretta,Sales
102962,Kobara,Chirstian,Sales
102996,Riesenhuber,Patricio,Development
103005,Keustermans,Rafael,Development
103039,Camarinopoulos,Premsyl,Sales
103042,Masand,Berthier,Sales
103088,Bresenham,Nitsan,Development
103092,Falby,Mabry,Development
103128,Crabtree,Alenka,Development
103156,Schiper,Yahiko,Sales
103164,Chiola,Valeska,Sales
103178,Argence,Tetsurou,Development
103198,Yeung,Alois,Development
103223,Papadias,Jongsuk,Development
103245,Cusworth,Sajjad,Development
103252,Baca,Domenick,Development
103255,Chinal,Felicidad,Development
103276,Bernardinello,Takahito,Sales
103332,Guerreiro,Zhanqiu,Development
103344,Whittlesey,Sanjeeva,Development
103349,Saoudi,Chiranjit,Development
103350,Kranzdorf,George,Development
103351,Junot,Stein,Development
103358,Legleitner,Takushi,Sales
103366,Suermann,Alain,Development
103375,Fioravanti,Khue,Sales
103398,Schreiter,Nikolaos,Sales
103435,Ghazalie,Sverrir,Development
103467,Glinert,Kwangyoen,Sales
103480,Eickenmeyer,Isaac,Development
103484,Velardi,Niclas,Development
103522,Jenevein,Narain,Development
103523,Servieres,Visit,Development
103566,Pouyioutas,Fumino,Development
103567,Perl,Eberhardt,Development
103568,Camarinopoulos,Peternela,Development
103575,Verhaegen,Ugo,Sales
103585,Dusink,Juichirou,Sales
103586,Veevers,Kwee,Development
103591,Vakili,Moni,Sales
103595,Hutton,Zhensheng,Sales
103621,Vidya,Yuqun,Sales
103625,Kambil,Ottavia,Development
103635,Ebeling,Dayanand,Development
103641,Loncour,Aamer,Development
103644,Erdi,Harjit,Development
103659,Feldmann,Remco,Development
103663,Edelhoff,Bezalel,Development
103665,Monarch,Tomoyuki,Development
103668,Mitchem,Remmert,Development
103682,Shrader,Samphel,Development
103730,Roison,Quingbo,Development
103731,Cyre,Leandro,Development
103776,Ashish,Franziska,Sales
103782,Baez,Sigeru,Sales
103810,Falco,Gift,Development
103835,Cyre,Masasuke,Development
103855,Peres,Christophe,Development
103860,Mundy,Augustine,Development
103897,Munos,Vivian,Development
103898,Rosin,Saeed,Sales
103913,Yurov,Shahid,Development
103918,Jenevein,Seshu,Development
103926,Camarinopoulos,Jiafu,Sales
103961,Suermann,Gurbir,Sales
103987,Uhrik,Aimee,Development
104005,Molenkamp,Ibibia,Development
104011,Journel,Masanao,Sales
104021,Mondadori,Yonghoan,Development
104029,Pagter,Alper,Sales
104035,Chandrasekhar,Sivanarayana,Sales
104038,Fujisaki,Kwun,Development
104054,Rothe,Uinam,Development
104060,Baca,Moriyoshi,Development
104073,Peral,Vitali,Sales
104091,Mawatari,Shrikanth,Sales
104122,Schreiter,Georg,Development
104130,Rodiger,Kazuhira,Development
104135,Servi,Yaghout,Sales
104145,Selvestrel,Mang,Development
104160,Kamber,Kotesh,Development
104203,Gyorkos,Shigenori,Sales
104212,Driscoll,Bedrich,Sales
104223,Waymire,Mantis,Sales
104233,Kolvik,Cordelia,Development
104266,Antonakopoulos,Kiyokazu,Development
104294,Flowers,Siddarth,Development
104312,Hettesheimer,Suzette,Sales
104328,Setlzner,Luerbio,Development
104352,Samarati,Xiaoheng,Sales
104363,Xiaoshan,Mansur,Sales
104402,Molenaar,Gonzalo,Sales
104404,Usery,Yoshinari,Sales
104482,Navazio,Nikolaos,Development
104504,Kilgore,Waiman,Development
104520,Neimat,Vishv,Sales
104536,Ernst,Shooichi,Sales
104549,Sabnani,Chaoyi,Development
104593,Maksimenko,Arno,Development
104610,Peak,Fusako,Sales
104625,Vendrig,Odoardo,Development
104642,Lichtner,Maren,Development
104644,Lieblein,Yuguang,Development
104656,Walston,Margo,Sales
104658,Ratnakar,Mrinalini,Development
104682,Speek,Toshimori,Sales
104710,Trogemann,Munenori,Sales
104718,Brandsma,Lorien,Development
104745,Lichtner,Hongzhu,Development
104760,Gulla,Gian,Development
104765,Samarati,Giordano,Sales
104772,VanScheik,Yannik,Sales
104779,Hartvigsen,Sergi,Development
104805,Figueira,Shuky,Development
104812,Fujisawa,Hideo,Sales
104858,Isaak,Jiong,Sales
104866,Gelosh,Anestis,Sales
104870,Peltason,Nectarios,Sales
104931,Delaune,Kristin,Sales
104939,Masamoto,Armond,Development
104941,Schaap,Yonghong,Development
104945,Polupanov,Gro,Development
105002,Millington,Jingling,Sales
105003,Taubman,Xiaocheng,Development
105033,Quadeer,Takahira,Development
105040,Erbe,Vojin,Development
105060,Rosin,Manu,Sales
105073,Pietracaprina,Miyeon,Sales
105095,Leppanen,Steen,Development
105103,Zambonelli,Elvis,Development
105125,Lamma,Fumiko,Development
105138,Peroz,Siddarth,Sales
105143,Dulli,Tse,Development
105145,Birch,Susanta,Development
105154,Montemayor,Lenore,Sales
105202,Jording,Susumu,Development
105204,Schaad,Ennio,Sales
105208,Grospietsch,Moon,Development
105223,Manders,Jiakeng,Development
105224,Schrift,Bernd,Development
105226,Menyhert,Murthy,Sales
105234,Navazio,Frederique,Development
105241,Ulupinar,Arra,Development
105259,Wiegley,Mohamadou,Development
105261,Rullman,Domenick,Development
105264,Simkin,Chrisa,Sales
105296,Peha,Conor,Sales
105326,Comte,Almudena,Development
105328,Hoppenstand,Alain,Development
105357,Billawala,Martien,Development
105388,Lorch,Sarita,Development
105396,Strehl,Sajjan,Sales
105401,Anguita,Babette,Development
105408,Gihr,Adit,Development
105410,Morton,Foong,Development
105417,Matzel,Rajmohan,Development
105441,Haldar,Abdelghani,Sales
105485,Danner,Magy,Development
105489,Sadowski,Jasminko,Sales
105521,Hofman,Toshiko,Sales
105532,Sluis,Christophe,Development
105543,Fabrizio,TRUE,Development
105544,Mitsuhashi,Feiyu,Development
105546,Coombs,Dhritiman,Development
105560,Zeleznik,Dmitri,Development
105564,Parhami,Jaihie,Development
105572,Haldar,Vivian,Sales
105581,Hanabata,Rasikan,Development
105587,Demri,Kwun,Development
105595,Hmelo,Gino,Sales
105603,Sommer,Masoud,Sales
105633,Androutsos,Dmitry,Development
105634,Mullainathan,Szabolcs,Sales
105637,Tagansky,Remko,Development
105654,Vieri,Rafols,Development
105662,Hoogerwoord,Jinpo,Sales
105665,Falco,Tonia,Sales
105670,Rijsenbrij,Arumugam,Development
105681,Mikschl,Pranav,Development
105722,Riefers,Maik,Sales
105766,Callaway,Boutros,Sales
105776,Chinen,Lokesh,Development
105789,Fordan,Qingxiang,Sales
105800,Baig,Golgen,Sales
105817,Junot,Mihalis,Development
105839,Rosca,Ziyad,Development
105841,Spelt,Jessie,Sales
105852,Beetstra,Filipe,Sales
105860,Juneja,Heeju,Development
105862,Jarecki,Masato,Development
105886,Mitchem,Stafford,Sales
105910,Zaccaria,Guozhong,Development
105915,Pearson,Marsal,Development
105921,Gubsky,Willard,Sales
105934,Langford,Gor,Sales
106003,Kemmerer,Przemyslawa,Development
106011,Takanami,Youpyo,Sales
106016,McClurg,Mahmut,Development
106036,Puppe,Radoslaw,Sales
106042,Calkin,Jiann,Development
106048,Schlumberger,Urs,Development
106049,Zhang,Tran,Sales
106083,Panangaden,Jacopo,Development
106107,Undy,Hidde,Development
106132,Schapiro,Yinlin,Development
106133,Heijenga,Guadalupe,Sales
106143,Pashtan,Kristina,Sales
106161,Baba,Rafael,Development
106186,Sewelson,Gonzalo,Sales
106187,Rassart,Kazuyasu,Sales
106192,Calkin,Alejandra,Development
106206,Schlenzig,Behnaam,Development
106212,Pluym,Kristof,Development
106214,Demir,Valdiodio,Development
106222,Uludag,Shim,Development
106233,Bhattacharjee,Sanjai,Development
106240,Ramras,Shen,Development
106254,Lowrie,Gian,Sales
106255,Furedi,Luigi,Sales
106260,Ranta,Augustine,Development
106293,Schicker,Froduald,Sales
106346,Cronan,Perry,Development
106355,Schmiedel,Lena,Development
106371,Ratzlaff,DAIDA,Sales
106383,Denny,Yechezkel,Sales
106435,Christ,Collette,Sales
106447,Herber,Tadanori,Sales
106457,Frezza,Toshimitsu,Development
106462,Decaestecker,Chanjung,Development
106482,Selenyi,Alselm,Sales
106504,Panangaden,Tremaine,Development
106547,dAstous,Quingbo,Development
106552,Schaap,Abdulla,Development
106558,Brobst,Otilia,Development
106560,Baar,Tsuneo,Development
106577,Orsini,Florina,Sales
106589,Weedman,Krister,Development
106606,Wynblatt,Yuuichi,Development
106611,Vecchi,Shir,Development
106630,Maliniak,Vojin,Sales
106633,Kugler,Jinxi,Development
106634,Rettelbach,Ingmar,Development
106648,Masamoto,Khue,Development
106669,Mahmud,Jaewoo,Development
106678,Oppitz,Vishwani,Sales
106679,Tasistro,Mahmut,Development
106737,Rosay,Shigeu,Development
106770,Srimani,LiMin,Sales
106779,Conta,Akemi,Sales
106797,Raoux,Aran,Development
106798,Dratva,Phillip,Development
106824,Atchley,Kokou,Development
106836,Ghemri,Yurii,Sales
106837,Nitto,Elvia,Sales
106838,Luke,Hatem,Sales
106848,Auyong,Paddy,Development
106871,Varley,Gina,Development
106877,Hemaspaandra,Temple,Sales
106879,DeMori,Susanna,Development
106897,Chaudhury,Susanna,Sales
106928,Merks,Hongzhu,Development
106935,Farrow,Kazuhiko,Sales
106946,Luiz,Oksana,Sales
106981,Vilarrasa,Maren,Development
106985,Pfau,Adhemar,Development
107018,Braunmuhl,Temple,Development
107019,Majewski,Noritoshi,Sales
107027,Poujol,Ayonca,Development
107033,Sidhu,Sakthirel,Development
107053,Macedo,Chinho,Sales
107090,Ferretti,Stein,Development
107097,Badache,Kitty,Sales
107110,Lodder,Wonhee,Development
107113,VanScheik,Sushant,Sales
107131,Streng,Lijie,Development
107135,Orlowski,Frederique,Development
107246,Naudin,Eran,Development
107254,Simmen,Dmitry,Development
107257,Czaja,Rosine,Sales
107258,Zaumen,Parviz,Sales
107262,Butterworth,Feiyu,Development
107264,Chinin,Josyula,Development
107290,Jakobus,Reinhard,Development
107293,Ballarin,Haldon,Sales
107296,Mawatari,Adamantios,Development
107307,Boyle,Eberhardt,Sales
107320,Chepyzhov,Giordano,Development
107325,Sherertz,Demin,Sales
107330,Bednarek,Navid,Sales
107333,Frezza,Menkae,Sales
107341,Garnick,Felicidad,Development
107359,Lamma,Xiong,Sales
107380,Demos,Matt,Sales
107383,Pargas,Heon,Sales
107391,Steinauer,Jaideep,Development
107392,Panangaden,Chinho,Development
107403,Maccarone,Heon,Development
107406,Bernick,Chanjung,Sales
107425,Bojadziev,Khaled,Development
107466,Champarnaud,Goo,Development
107474,Goodrum,Taiji,Sales
107488,Swiler,Moto,Development
107500,Masada,Karoline,Sales
107504,Hoppenstand,Shao,Development
107508,Mapelli,Rajmohan,Sales
107517,Nannarelli,Haldon,Sales
107525,Schneeberger,Nikolaus,Development
107535,Krone,Tomokazu,Development
107540,Soloway,Jaques,Sales
107554,Conry,Zvonko,Sales
107579,McClure,Shaleah,Development
107623,Kilgour,Yagil,Development
107625,Schwabacher,Quingbo,Development
107682,Leonhardt,Georgi,Development
107684,Chandrasekhar,Uma,Sales
107693,Bharadwaj,Kenton,Sales
107695,Cmelik,Babette,Development
107702,Basagni,Mayuri,Development
107712,Birjandi,Sumant,Sales
107732,Encarnacion,Nigel,Development
107747,Erman,Cathie,Sales
107764,Mersereau,Moie,Development
107780,Gewali,Masasuke,Development
107797,Strandh,Wayne,Development
107800,Stenning,Goncalo,Development
107807,Granlund,Narain,Sales
107822,Kroll,Hatem,Sales
107823,Bail,Nimmagadda,Development
107825,Hemaspaandra,Shounak,Development
107840,Hettesheimer,Krister,Development
107892,Ambroszkiewicz,Aral,Development
107901,Honiden,Munir,Sales
107924,Georgakopoulos,Achilleas,Sales
107996,Nitta,Licheng,Sales
107997,Perfilyeva,Masoud,Sales
108018,Halevi,Subhankar,Development
108019,Eickenmeyer,Mamdouh,Development
108023,Yetto,Marke,Sales
108028,Hagimont,Przemyslawa,Development
108050,Sommer,Hairong,Development
108053,Nilsson,Abdelghani,Sales
108064,Otillio,Shimshon,Development
108070,Bennis,Khoa,Sales
108092,Edelhoff,Uzi,Development
108096,Bazzichi,Arun,Development
108119,Melton,Qingxiang,Development
108122,Terkki,Moti,Sales
108126,Shackell,Izaskun,Development
108137,Ermel,Panayotis,Development
108138,Middleton,Berto,Sales
108148,Tyugu,Szabolcs,Development
108150,Peternell,Shrikanth,Development
108153,Puppo,Lene,Sales
108176,Piazza,Aksel,Development
108179,Crelier,Constantijn,Development
108184,Merks,Kien,Development
108212,Versino,Masali,Sales
108217,Munoz,Mohan,Sales
108218,Piveteau,Akeel,Development
108244,Savasere,Torsten,Development
108262,Alpay,Yannis,Development
108307,Suermann,Diederik,Sales
108342,Muchinsky,Yuuichi,Development
108363,Luef,Aloke,Sales
108367,Rouquie,Rimon,Sales
108375,Ananiadou,Greger,Sales
108390,Delaune,Udi,Sales
108406,Bach,Patricia,Sales
108410,Smailagic,Sanjai,Development
108420,Pietrzykowski,Baruch,Sales
108440,Conta,Xiaoqiang,Sales
108453,Chappelet,Ipke,Development
108461,Sury,Aral,Sales
108505,Iwayama,Arvin,Development
108536,Baba,Fumino,Sales
108539,Syrotiuk,Ymte,Development
108541,Mapelli,Jordanka,Sales
108551,Garnick,Yahiko,Sales
108561,Luft,Kasturi,Development
108563,Reeker,Shaibal,Development
108576,Tsukuda,Dzung,Development
108586,Farrow,Stamatina,Development
108588,Coney,Shahaf,Development
108597,Einsfeld,Kazuhira,Development
108612,Joslin,Ung,Development
108616,Feldmann,Fan,Development
108641,Schueller,Atreye,Development
108669,Garnham,Jeanne,Development
108711,Kambil,Sanjai,Sales
108717,Kitsuregawa,Heng,Development
108729,Vesel,Jiang,Sales
108761,Mandell,Nahid,Development
108763,Cooke,Sadegh,Sales
108794,Bamford,Basil,Development
108816,Gurbaxani,Volkmar,Sales
108822,Senzako,Sachem,Development
108823,Litzkow,Teiji,Development
108825,Danecki,Kaijung,Development
108842,Heijenga,Giordano,Sales
108850,Honiden,Soenke,Sales
108884,Deverell,Basant,Sales
108891,Chiodo,Bikash,Sales
108947,Doering,Ottavia,Development
108954,Vieri,Kellie,Development
108985,Bressoud,Masanao,Development
108997,Liesche,Arch,Development
109052,McFarlin,Xianlong,Development
109083,Merel,Moto,Sales
109088,Schaar,Giap,Development
109090,Bale,Mircea,Development
109101,Hennings,Xianlong,Sales
109108,Besselaar,Goncalo,Development
109117,Garnier,Arnould,Sales
109125,Piveteau,Adly,Sales
109141,Busillo,Szabolcs,Development
109147,Dengi,Tetsushi,Development
109155,Gill,Serenella,Development
109181,Lally,Rildo,Sales
109189,Codenie,Billie,Sales
109193,Scharstein,Garnet,Development
109204,Ratnakar,Paris,Development
109206,Fontan,LiMin,Sales
109267,Bardell,Ziyad,Development
109284,Junot,Mingdong,Development
109291,Theuretzbacher,Cullen,Development
109294,Savasere,Udi,Development
109318,Brlek,Gift,Sales
109334,Alameldin,Tsutomu,Sales
109356,Puppo,Carrsten,Development
109379,Rindone,Ramya,Sales
109380,Luan,Kagan,Sales
109436,Kamble,Sanjit,Development
109457,Rosiles,Stevo,Sales
109496,Esposito,Mariusz,Sales
109502,Langford,Kamakshi,Sales
109514,Zlotek,Piyawadee,Sales
109560,Hoogerwoord,Ymte,Sales
109570,Swift,Duke,Development
109575,Kusalik,Jinxi,Development
109612,Gopalakrishnan,Ingemar,Development
109621,Remmers,Bodh,Development
109643,Ratzlaff,Faiza,Sales
109650,Dredge,Chinya,Development
109696,Erdmenger,Poornachandra,Development
109699,Duclos,Pintsang,Development
109710,Improta,Miquel,Development
109734,Plessier,Maya,Development
109740,Bahl,Jacqueline,Sales
109747,Rullman,Tadahiko,Sales
109748,Suessmith,Dayanand,Development
109790,Ravishankar,Torsten,Development
109793,Oppitz,Zhanqiu,Development
109798,Wendorf,Sanjay,Development
109799,Stanger,Bouchung,Development
109820,Ghelli,Juichirou,Development
109824,Luit,Aleksander,Sales
109827,Strooper,Eckart,Development
109878,Goldhammer,Goetz,Development
109902,Terlouw,Kersti,Sales
109903,Kavraki,Gully,Sales
109938,Isard,Kinh,Development
109947,Zockler,Martijn,Development
109949,Chinal,Gian,Development
109951,Pell,Nahla,Development
109966,Valette,Khatoun,Sales
109993,Furudate,Danel,Sales
109996,Gelosh,Dines,Sales
109997,Borovoy,Miquel,Development
109999,Coombs,Janche,Development
111133,Zhang,Hauke,Sales
200008,Hutter,Zeydy,Development
200030,Schonegge,LiMin,Development
200050,Thorelli,Kensyu,Development
200070,Sury,Yurii,Development
200079,Riefers,Candida,Sales
200108,Chvatal,Abdelwaheb,Development
200116,Nivat,Eben,Sales
200148,Schapire,Sajjan,Development
200166,Feldmann,Huan,Sales
200171,Gyorkos,Hilari,Sales
200201,Ouhyoung,Makato,Development
200247,Beznosov,Chaoyi,Sales
200251,Vasanthakumar,King,Development
200289,Schurmann,Thodoros,Sales
200332,Goldhammer,Feipei,Development
200333,Kruskal,Honesty,Development
200334,Bojadziev,Basem,Development
200348,Back,Abdulla,Development
200370,Trumbly,Rafail,Development
200382,Pauthner,Mansur,Sales
200386,Ranze,Roddy,Development
200411,Yurek,Jaewon,Development
200433,Bolotov,Gilbert,Sales
200434,Boguraev,Mabry,Development
200455,Businaro,Aksel,Sales
200460,Guting,Adit,Development
200511,Gilg,Duke,Sales
200526,Czaja,Divine,Development
200564,Kenevan,Elrique,Sales
200575,Kuzuoka,Izaskun,Sales
200593,Henders,Kagan,Sales
200612,Veevers,Dannz,Sales
200618,Panienski,Berna,Sales
200658,Gire,Nathan,Sales
200684,Cullers,Srinidhi,Sales
200695,Zongker,Geraldo,Development
200702,Eldridge,Mary,Development
200714,Sudbeck,JoAnne,Sales
200715,Schwabacher,Gretta,Sales
200722,Delgrande,Nahla,Sales
200743,Roohalamini,Annemarie,Sales
200750,Kusakabe,Jeane,Sales
200768,Schmittgen,Minghong,Sales
200798,Kossowski,Godehard,Development
200809,Basawa,Arvin,Sales
200842,Manders,Nishit,Sales
200880,Matheson,Francesca,Sales
200951,Brender,Shalesh,Sales
200956,Kadhim,Alassane,Sales
200958,Rabehasaina,Khatoun,Sales
200971,Jullig,Ferdinand,Sales
200985,Gecseg,Shichao,Sales
201007,Scharstein,Yonghong,Sales
201092,Hedayat,Alejandro,Development
201109,Hertweck,Gita,Sales
201126,Kitsuregawa,Jaewoo,Development
201135,Jahnichen,Shaw,Sales
201141,Zielinski,Jiafu,Sales
201150,Miculan,Chaosheng,Development
201153,Hopewell,Uwe,Development
201178,Conta,Kristof,Sales
201191,Basagni,Kitty,Sales
201195,Trogemann,Torsten,Sales
201205,Haddadi,Shaunak,Development
201224,Isaak,Aksel,Development
201228,Jayawardene,Shem,Sales
201246,Marchesini,Yucel,Development
201256,Undy,Takanari,Development
201266,Rissanen,Uma,Sales
201278,Cherinka,Aloys,Development
201305,Khalid,Byong,Development
201306,Landherr,Mani,Sales
201309,Rosiles,Mandell,Sales
201324,Stanfel,Zvonko,Development
201333,Perl,Mircea,Development
201342,Maierhofer,Ramachenga,Development
201346,Orlowska,Bouchung,Development
201358,Erdmenger,Toshimitsu,Sales
201362,Luck,Pradeep,Sales
201374,Fendler,Luigi,Development
201379,Karnin,Jagoda,Development
201381,Basawa,Sadok,Development
201410,Gils,Renny,Development
201424,Frijda,Leon,Development
201426,Sudkamp,Garnet,Sales
201429,Gecsel,Kristine,Development
201430,Melski,Mary,Development
201436,Porotnikoff,Duro,Development
201444,Businaro,Hongzhu,Development
201462,Erva,Jolita,Sales
201533,Kuzuoka,Saeko,Sales
201544,Zaiane,Krister,Sales
201547,Juneja,Sampalli,Sales
201564,Angelov,Kazuhide,Development
201603,Lores,Vincent,Development
201614,Swick,Mingsen,Sales
201618,Riesenhuber,Hyuncheol,Development
201641,Benzaken,Yechezkel,Development
201645,Olano,Gino,Sales
201651,Yetim,Isaac,Development
201699,Lorie,Aamod,Sales
201701,Tasistro,Yishai,Development
201729,Nilsson,Fuqing,Development
201777,Perl,Wonhee,Sales
201796,Poehlman,Zengping,Development
201848,Ebeling,Elvis,Sales
201878,Binding,Mani,Sales
201896,Kohling,Fusako,Development
201931,Anily,Chirstian,Development
201933,Ranst,Xianlong,Sales
201944,Guting,Shooichi,Development
201956,Biron,Kazuhito,Development
201958,Morton,Georg,Development
201959,Yurek,Kazuhito,Development
201964,Kropp,Val,Development
201974,Georgakopoulos,Yuchang,Development
201979,Dymetman,Takanari,Sales
202000,Passino,Erzsebet,Development
202006,Peac,Gritta,Development
202013,Luders,Tremaine,Sales
202014,Bernatsky,Mara,Sales
202023,Radivojevic,Mabhin,Development
202042,Strehl,Margareta,Sales
202063,Flanders,Xiaoqiu,Sales
202142,Varley,LiMin,Development
202149,Bridgland,Pragnesh,Sales
202154,Azulay,Adin,Development
202161,Kusalik,Takahira,Development
202179,Munch,Emran,Development
202190,Braccini,Aemilian,Development
202223,Waschkowski,Marit,Sales
202232,Lalonde,Mack,Development
202246,Danecki,Froduald,Development
202271,Benner,Josyula,Sales
202276,Morrin,Arif,Development
202310,Perko,Krister,Sales
202315,Mersereau,Kirk,Sales
202337,Passino,Horward,Development
202339,Schaaf,Zine,Sales
202357,Hedayat,Make,Development
202360,Jeong,Indrajit,Sales
202362,Baak,Lalit,Development
202364,Riefers,Alassane,Development
202372,Msuda,Bernardo,Sales
202379,Bennet,Valeska,Development
202386,Marshall,Nadjib,Sales
202393,Butterworth,Kazuhira,Development
202417,DuBourdieux,Mohan,Development
202418,Vuskovic,Xumin,Sales
202420,Wuwongse,Shaleah,Development
202435,Schonegge,Bokyung,Development
202437,Schaar,Barna,Sales
202446,Rouquie,Abdelghani,Development
202452,Nanard,Guiseppe,Development
202473,Perry,Sigeru,Sales
202490,Budinsky,Ishfaq,Development
202507,Marquardt,Ziva,Development
202516,Zykh,Vishwani,Development
202517,Peres,Shunichi,Development
202539,Brookman,Fuqing,Development
202549,Thombley,Deborah,Development
202553,Krichel,Limsoon,Sales
202567,Capobianchi,Visit,Development
202605,Merel,Hercules,Sales
202610,Bage,Berhard,Development
202614,Chleq,Constantino,Sales
202625,Carrera,Shuichi,Development
202627,Reeker,Katsuyuki,Development
202665,Krider,Mrinalini,Development
202701,Molenkamp,Elgin,Development
202717,Wielonsky,Moriyoshi,Development
202727,Constantine,Fumiyo,Development
202809,Anido,Mariangiola,Development
202881,Raoux,Eirik,Development
202893,Cappelli,Hairong,Development
202905,Birdsall,Sham,Development
202906,Reinhard,Sanjay,Development
202915,Spelt,Chiranjit,Development
202937,Schlegelmilch,Heejo,Sales
202941,Sinitsyn,Phuoc,Sales
202948,Bruckman,Haldon,Sales
202949,Bahr,Jeanna,Development
202971,Dayana,Fun,Sales
202982,Ritcey,Takahito,Sales
202996,Hutter,Tze,Sales
203021,Chinin,Munenori,Development
203033,Hartvigsen,Hugh,Development
203053,Luke,Shrikanth,Sales
203065,Matteis,Weiwu,Development
203069,DiGiano,Hidekazu,Sales
203084,Chelton,Cathie,Development
203088,Braunschweig,Hairong,Sales
203101,Waeselynck,Khaled,Development
203154,Baik,Ger,Development
203171,Angiulli,Marla,Sales
203188,Busillo,Fox,Development
203198,Hertweck,Fumiyo,Development
203214,Kilgour,Paraskevi,Sales
203216,Hofman,Seongbin,Sales
203227,Dalphin,Nigel,Development
203238,Zallocco,Fei,Sales
203244,Sudbeck,Hitofumi,Development
203258,Garigliano,Shaw,Development
203268,Poujol,Uno,Sales
203305,Huttel,Naftali,Sales
203308,Stentiford,Pantung,Development
203309,Tsukuda,Constantine,Sales
203316,Muhlberg,Edwin,Development
203318,Cooley,Xudong,Development
203319,Ramsay,Caolyn,Sales
203342,Wissmann,Uta,Sales
203364,Herber,Spyrose,Sales
203376,Curless,Rajmohan,Development
203377,Lanteri,Giordano,Development
203385,Maginnis,Subhrajyoti,Sales
203390,Babu,Lech,Development
203395,Apsitis,Leaf,Sales
203405,Giaccio,Alper,Sales
203434,Boreale,Yannik,Sales
203438,Thisen,Gift,Development
203481,Kriebel,Chiradeep,Development
203522,Biros,Make,Sales
203541,Brookman,Youjian,Development
203555,Brlek,Hairong,Sales
203566,Zultner,Thanasis,Development
203570,Walstra,Arumugam,Sales
203577,Glowinski,Niteen,Sales
203578,Codenie,Vojin,Sales
203588,Hartvigsen,Youngkon,Development
203593,Kirkerud,Leszek,Sales
203595,Ariola,Aria,Sales
203600,Journel,Fai,Sales
203631,Schaaf,Nakhoon,Sales
203645,Syang,Tadahiro,Sales
203656,Brodal,Chinhyun,Sales
203693,Pezzoli,Sungwon,Development
203775,Mitzlaff,Shirish,Development
203777,Mayerwieser,Tomofumi,Development
203792,Mahmud,Hatim,Sales
203798,Suomi,Nobuyoshi,Development
203801,Gecsel,Uzi,Development
203839,Hagimont,Berthier,Development
203883,Staylopatis,Mart,Development
203898,Mateescu,Odysseas,Development
203933,Fortenbacher,Bowen,Sales
203953,Pokrovskii,Lucian,Sales
203967,Genther,Teiji,Development
203975,Ernst,Arnd,Development
204014,Parveen,Mack,Development
204029,Litzkow,Shaowen,Sales
204062,Fadgyas,Kerhong,Sales
204067,Pews,Brigham,Sales
204090,Collette,Brigham,Sales
204097,Staudhammer,Ung,Development
204104,Usdin,Patricio,Sales
204106,Leuchs,Sailaja,Development
204110,Kalsbeek,Shaw,Sales
204114,Poehlman,Fayez,Development
204134,Hofmeyr,Xiaobin,Sales
204142,Valette,Xiping,Sales
204219,Halloran,Sakthirel,Sales
204220,Bain,Xiaoshan,Sales
204237,Kumaresan,Gay,Sales
204287,Rande,Rayond,Sales
204313,Khalil,Hongzue,Development
204337,Erol,Brewster,Development
204339,Mellouli,Arnd,Development
204378,Stranks,Leaf,Development
204395,Felder,Magdalena,Development
204463,Reghbati,Chanjung,Development
204469,Cmelik,Ramya,Sales
204484,Gruenwald,Baziley,Development
204519,Haldar,Utz,Development
204534,Melton,Khalid,Development
204542,Bael,Lucian,Development
204560,Badache,Sariel,Development
204567,Plavsic,Kristin,Development
204571,Raczkowsky,Uli,Development
204579,Litzkow,Yechezkel,Development
204594,Onuegbe,Elvis,Development
204603,Janetzko,Cullen,Development
204645,Gilg,Duangkaew,Development
204661,Atchley,Doohun,Development
204679,Marchegay,Masaru,Sales
204691,Huhdanpaa,Palash,Development
204693,Litzkow,Aran,Development
204703,Spataro,Sreekrishna,Sales
204757,Vigier,Kensei,Sales
204837,Menhoudj,Uzi,Development
204842,Zumaque,Ramachenga,Development
204846,Karunanithi,Yannis,Development
204877,Gornas,Guther,Development
204881,Zultner,Bodh,Development
204890,Reistad,Kristin,Development
204902,Ruemmler,Eric,Development
204919,Kavvadias,Nakhoon,Sales
204920,Journel,Kellyn,Development
204923,Raney,Subhada,Sales
204941,Peot,Tianruo,Development
204943,Hartvigsen,Jiakeng,Development
204947,Wuwongse,Yechiam,Development
204952,Plessier,Utpal,Development
204977,Perl,Martina,Sales
205004,Lueh,Masadi,Development
205013,Wilfing,Sasan,Sales
205021,Lally,Mariangiola,Development
205026,Kulisch,Akeno,Development
205037,Speek,Ferdinand,Sales
205038,Chvatal,Mari,Development
205057,Usdin,Mostafa,Development
205071,Stanfel,Tommaso,Development
205081,Reinhard,Hirochika,Development
205092,Spieker,Masako,Sales
205119,Kilgore,Chrisa,Development
205150,Murthy,Denis,Development
205153,Doering,Mingsen,Development
205161,Kisuki,Divier,Sales
205207,Borstler,Ramalingam,Sales
205225,Ouhyoung,Duro,Development
205236,Frijda,Bernd,Development
205245,Raczkowsky,Angus,Development
205248,Imataki,Aamer,Development
205251,Mullainathan,Fai,Sales
205263,Iwayama,Masadi,Development
205325,Harllee,Serenella,Sales
205329,Demke,Pintsang,Development
205331,Melski,Nigel,Development
205332,Baar,Gita,Sales
205357,Engelmann,Radhia,Development
205361,Siepmann,Owen,Development
205370,Marchesini,Geoffry,Sales
205381,Lung,Mana,Development
205475,Schach,Ute,Development
205476,Ruemmler,Hairong,Development
205484,Yoshimura,Atreye,Development
205489,Laventhal,Surveyors,Development
205494,Dolinsky,Gaurav,Sales
205528,Shiratori,Shichao,Development
205529,Karner,Troy,Development
205537,Hoppenstand,Tadahiko,Sales
205555,Desikan,Shaw,Development
205559,Portugali,Herbert,Development
205616,Plotkin,Babette,Development
205619,Provine,Souichi,Development
205624,Lally,Jolita,Development
205629,Genin,Guiseppe,Sales
205630,Litecky,Xuejun,Development
205638,Peir,Lubomir,Development
205653,Fiebach,Serif,Development
205713,Makinen,Gennady,Development
205736,Thisen,Hilary,Sales
205738,Stroustrup,Mong,Development
205741,Staudhammer,Takahiro,Development
205745,Giarratana,Basem,Development
205753,Gonthier,Keiichiro,Development
205754,Heping,Mohammad,Development
205761,Melter,Bowen,Development
205778,Itzfeldt,Yakichi,Development
205781,Awdeh,Moto,Development
205782,Brandsma,Shen,Development
205810,Chiola,Lenore,Development
205849,Walston,Masali,Sales
205890,Chenoweth,Georgi,Sales
205899,Mundy,Radoslaw,Sales
205918,Ghandeharizadeh,Lihong,Sales
205921,Chartres,Bangqing,Sales
205945,Larfeldt,Ottavia,Development
205963,Curless,Yechiam,Development
205974,Gajiwala,Mona,Development
205993,Birch,Pranay,Development
206000,Schapire,Atreye,Sales
206011,Giaccio,Reinhold,Development
206018,Baca,Takahiro,Development
206035,Eiron,Kinh,Development
206053,Alblas,Tsuneo,Sales
206059,Levergood,Jaana,Development
206065,Spataro,Garnik,Sales
206067,Itzigehl,Manton,Development
206122,Bazelow,Munenori,Development
206146,Merkl,Becky,Development
206168,Matzat,Serap,Sales
206174,Boguraev,Vidya,Development
206181,Benzaken,Yagil,Sales
206185,Gonthier,Yolla,Development
206191,Asrin,Chaitali,Development
206193,Senzako,Kerryn,Sales
206199,Hashii,Rafail,Development
206227,Schmittgen,Feixiong,Development
206241,Danecki,Kazuhira,Sales
206277,Toyoshima,Candida,Sales
206287,Valette,Visit,Sales
206288,Vrecion,Sverrir,Development
206301,Yavatkar,Huiqun,Development
206346,Hitomi,Syozo,Development
206354,Kawashima,Gennadi,Development
206411,Vidal,Shigeichiro,Development
206412,Frezza,Geoffrey,Development
206418,Vickson,Marco,Development
206427,Otillio,Nobuyoshi,Sales
206449,Rajala,Zhonghui,Sales
206452,Woycyznski,Insup,Development
206501,Vrecion,Kamakshi,Development
206507,Gonthier,Bernt,Development
206520,Selenyi,Gor,Development
206526,Chepyzhov,Hauke,Sales
206539,Eterovic,Jaroslava,Development
206544,Rijsenbrij,Boriana,Development
206559,Erde,Ronghao,Development
206576,Chepyzhov,Chenxi,Sales
206578,Onuegbe,Deborah,Sales
206599,Demir,Kwangjo,Development
206612,Bale,Ferdinand,Development
206628,Rissland,Jeong,Development
206637,Schlenzig,Jahangir,Development
206639,Openshaw,Gad,Development
206668,Rabejac,Jaana,Sales
206686,Mondadori,Shin,Sales
206691,Cincotta,Gennady,Sales
206697,Quaggetto,Billie,Sales
206706,Klyachko,Abdelaziz,Development
206718,Ramaiah,Koldo,Sales
206732,Furedi,Renny,Development
206744,Radivojevic,Kenton,Sales
206746,Honiden,Khoa,Development
206763,Schaad,Elvia,Development
206765,Zobel,Alselm,Development
206771,Lores,Ferdinand,Development
206804,Pokrovskii,Uinam,Development
206815,Frolund,Insup,Sales
206816,Falby,Dharmaraja,Development
206840,Tomescu,Demos,Development
206847,Akazan,Luise,Sales
206872,Stafford,Marc,Sales
206886,Xiaoshan,Radoslaw,Development
206914,Pell,Genta,Development
206952,Kadhim,Jeanna,Development
206972,Hegner,Francoise,Development
207025,Hanratty,Barry,Development
207050,Khasidashvili,Navin,Development
207056,Lorcy,Volkmar,Development
207084,Bergere,Carrsten,Development
207090,Uhrig,Stein,Sales
207118,Siochi,Lijia,Development
207148,Ullian,Zhiguo,Development
207154,Wendorf,Almudena,Sales
207167,Genin,Mohd,Sales
207173,Besancenot,Steen,Development
207178,Muniz,Masasuke,Development
207190,Mitzlaff,Dinkar,Development
207198,Heystek,Shahaf,Development
207208,Shackel,Susanne,Development
207243,Maccarone,Monique,Development
207276,Oaver,Ramalingam,Development
207317,Naudin,Francoise,Sales
207323,Pehl,Uli,Development
207331,Berstel,Adhemar,Development
207370,Edelhoff,Morrie,Development
207383,Coullard,Utz,Development
207416,Kuhnemann,Gaurav,Sales
207455,Kisuki,Hyuckchul,Development
207461,Peek,Remco,Sales
207512,Basagni,Valeska,Sales
207515,Puppo,Danny,Development
207518,Reinhart,Jeanna,Sales
207523,Picaronny,Chaosheng,Development
207532,Jeansoulin,Lidong,Sales
207580,Harbusch,Parto,Sales
207582,Langford,Giri,Sales
207584,Schlumberger,Basant,Development
207585,Picel,Limsoon,Development
207590,Ferriere,Dipankar,Development
207597,Kusakari,Murthy,Development
207599,Sundgren,Arnd,Sales
207614,Ozeri,Nadjib,Development
207658,Whitcomb,Kiyokazu,Development
207661,Leslie,Hairong,Sales
207662,Narahari,Mori,Development
207678,Gargeya,Claude,Development
207679,Rosti,Vasilis,Sales
207682,Terlouw,Sangeeta,Development
207691,Pena,Genevieve,Development
207728,Codenie,Emdad,Development
207761,Beeson,Vatsa,Development
207780,Schade,Dinah,Development
207784,Pardalos,Lillian,Development
207798,Gyorkos,Munir,Sales
207800,Chandrasekhar,Arumugam,Development
207820,Buescher,Caolyn,Development
207840,Zuberek,Danel,Development
207860,Rodite,Maja,Development
207877,Bresenham,Kazunori,Development
207894,Papadias,Tzu,Sales
207941,Emmerich,Florian,Sales
207960,Uludag,Aron,Sales
207987,Bondorf,Caolyn,Development
208020,Boudaillier,Adil,Development
208053,Zongker,Marc,Development
208080,Bridgland,Anwar,Development
208118,Baek,Noritoshi,Development
208134,Crabtree,Sangeeta,Development
208200,Linares,Fabrizio,Development
208209,Matzat,Kersti,Sales
208212,Lagarias,Bangqing,Sales
208218,Morrey,Masaru,Development
208249,Esposito,Yuchang,Development
208256,Mungall,Hugh,Development
208258,Remmers,Nathalie,Development
208273,Radhakrishnan,Kagan,Sales
208317,Douceur,Yakkov,Development
208346,Lorho,Dharmaraja,Development
208413,Pena,Takahira,Sales
208416,Braunschweig,Kendra,Development
208433,Serre,Jaewon,Development
208435,Toyoshima,Arfst,Sales
208436,Denny,Adhemar,Sales
208463,Pillow,Ipke,Sales
208473,Msuda,Toshimitsu,Development
208482,Schwartzburd,Vasilii,Development
208483,Simkin,Pradeep,Sales
208494,Pellegrinelli,Sumali,Development
208498,Rosin,Avishai,Development
208511,Valtorta,Shai,Development
208525,DiGiano,Adam,Sales
208528,Polupanov,Sukumar,Sales
208531,Peyn,Dmitry,Sales
208546,Garnier,Piyush,Sales
208557,Servieres,Zhenhua,Development
208559,Zeilberger,Luerbio,Development
208576,Rodham,Alper,Development
208583,Lorho,Utpal,Development
208586,Czap,Remko,Development
208612,McDermid,Eckart,Sales
208619,Danlos,Gererd,Development
208631,Schlumberger,Amstein,Development
208638,Zobel,Khatoun,Sales
208649,Kenevan,Mooi,Development
208659,Ventosa,Kristinn,Development
208684,Brizzi,Kristin,Development
208685,Morris,Lokesh,Development
208686,Farrag,Gadiel,Sales
208689,Barvinok,Hideo,Sales
208699,Isaak,Sachio,Sales
208707,Heping,Jenwei,Development
208724,Schnelling,Yongdong,Development
208726,Barinka,Mary,Development
208742,Ruther,Heather,Sales
208746,Schaaf,Hatsukazu,Sales
208750,Thummel,Leif,Sales
208762,Zwicker,Chikara,Development
208766,Ashish,Masadi,Sales
208771,Bellmore,Nidapan,Development
208807,Shobatake,Zita,Development
208846,Weedman,Mooi,Development
208883,Munos,Herb,Development
208888,Heuter,Radhika,Development
208898,Homond,Ebru,Development
208905,Ramsey,Chenye,Sales
208908,Uludag,Girolamo,Development
208940,Comte,Hideo,Development
208980,Baak,Wanqing,Development
209005,Iivonen,Kazunori,Development
209015,Bharadwaj,Xumin,Sales
209026,Maksimenko,Szabolcs,Development
209033,Percebois,Patricio,Development
209043,Flexer,Seshu,Development
209046,Kriebel,Ennio,Development
209112,Joslin,Nigel,Development
209121,Ramalingam,Greger,Development
209163,Verspoor,Moni,Development
209174,Vidal,Kiam,Sales
209181,Strandh,Basil,Development
209187,Usery,Shigeaki,Sales
209215,Janocha,Branimir,Development
209219,Rohrbach,Mitchel,Development
209222,Ginesta,Anyuan,Development
209252,Bultermann,Giordano,Development
209260,Ouhyoung,Maya,Sales
209278,Lanzelotte,Sverrir,Development
209287,Shimshoni,Sahrah,Development
209293,Masada,Jessie,Development
209306,Honglei,Tadahiro,Development
209322,Frezza,Xumin,Development
209345,Linares,Pohua,Development
209356,Jansen,Tesuro,Sales
209364,Casperson,Manibrata,Development
209410,Cronau,Subhash,Development
209418,Thimonier,Faiza,Development
209463,Masand,Arun,Sales
209490,Mundy,Martijn,Sales
209492,Asmuth,Mabo,Sales
209539,Erde,Aloys,Development
209543,Porenta,Heng,Development
209574,Pettit,Mariusz,Development
209575,Kambil,Zita,Development
209654,Stiles,Aksel,Sales
209703,Meszaros,Wuxu,Development
209717,Mellouli,Thanasis,Development
209752,Gulak,Amabile,Sales
209771,Muniz,Vitali,Sales
209778,Walstra,Przemyslawa,Sales
209791,Garnham,Mabhin,Sales
209792,Bernick,Yoshinari,Development
209808,Calkin,Reinhold,Development
209828,Brender,Vatsa,Development
209829,Rosca,Froduald,Sales
209834,Alvarado,Nitsan,Development
209859,Bolotov,Deniz,Development
209860,Engberts,Perla,Development
209872,Kaiser,Breannda,Sales
209906,Fadgyas,Joydip,Sales
209908,Porenta,Yoshimitsu,Sales
209915,Pashtan,Lillian,Development
209937,Bage,Erez,Development
210010,Linnainmaa,Youssef,Development
210016,Fendler,Qingxiang,Sales
210033,Ghandeharizadeh,Chanjung,Development
210042,Hitomi,Alejandra,Sales
210044,Bergere,Ymte,Sales
210067,Bresenham,Mark,Development
210080,Perl,Premal,Sales
210096,Karner,Herbert,Development
210097,Bernatsky,Hercules,Development
210098,Milicic,Mingzeng,Sales
210110,Jullig,Falguni,Development
210114,Snedden,Phillip,Development
210128,Dayana,Olivera,Sales
210153,Lanteri,Unal,Development
210154,Salverda,Kristine,Sales
210155,Koblitz,Eirik,Sales
210160,Trelles,Byong,Development
210169,Schaaf,Georgi,Development
210172,Haddadi,Pantung,Sales
210181,Janocha,Kasturi,Development
210182,Junet,Patricio,Sales
210194,Flowers,Sanjit,Development
210216,Feldmann,Fumitake,Development
210230,Bage,Chikako,Development
210245,Mungall,Alenka,Development
210246,Gecsei,Pradeep,Development
210247,Sewelson,Giao,Development
210253,Scallan,Jixiang,Development
210269,Hitomi,Huan,Sales
210277,Carrere,Yoshimitsu,Development
210281,Poupard,Slavian,Development
210289,Benantar,Roddy,Development
210301,Suri,Karoline,Sales
210315,Sabnani,Zhanqiu,Development
210323,Gluchowski,Heng,Development
210330,Andreotta,Bernardo,Development
210368,Peres,Jianhao,Development
210373,Improta,Kazuyasu,Sales
210374,Angot,Yuriy,Development
210387,Heuter,Elvia,Development
210411,Janetzko,Lucian,Development
210418,Krogh,Alejandro,Development
210431,Diderrich,Giao,Sales
210450,Perfilyeva,Vitaly,Development
210473,Terlouw,Aram,Development
210477,Keirsey,DeForest,Development
210485,Codenie,Mitchel,Sales
210523,Sabnani,Taisook,Development
210531,Delaune,Wayne,Development
210543,Terwilliger,Zhensheng,Sales
210554,Beidas,Piyawadee,Sales
210558,Sigstam,Bokyung,Sales
210571,Peot,Hirochika,Sales
210575,Lung,Oscar,Sales
210602,Takkinen,Frederique,Development
210611,Lupu,Soenke,Development
210620,Bierman,Anyuan,Sales
210638,Bach,Xianlong,Development
210644,Panangaden,Hsiangchu,Sales
210647,Berstel,Neven,Development
210651,Eiron,Toney,Sales
210655,Gyorkos,Naftaly,Development
210671,Tsukuda,Serap,Development
210677,Oehlmann,Gor,Sales
210678,Asmuth,Subbu,Development
210682,Jonsson,Bernardo,Development
210685,Christ,Isamu,Development
210710,Farrar,Nevio,Sales
210711,Orlowski,King,Sales
210718,Kalafatis,Nikolaos,Development
210747,Bratten,Doohun,Sales
210751,Syrotiuk,Sanjeeva,Sales
210764,Fujisaki,Eberhardt,Sales
210772,Penttonen,Kotesh,Development
210781,Shigei,Yongdong,Sales
210787,Setiz,Subhada,Development
210802,Perz,Christoph,Development
210821,Piancastelli,Jayesh,Development
210842,Iwayama,Demin,Development
210865,Koyama,Olivera,Sales
210892,Murillo,Kazuhira,Development
210911,Diderrich,Taisook,Development
210915,Velasco,Mong,Development
210935,Prochazka,JoAnna,Development
210953,Paciorek,Zeljko,Development
210975,Marzano,Erzsebet,Development
210985,Bauknecht,Reinhard,Sales
211007,Grandbois,Goo,Sales
211008,Vecchi,Ziva,Sales
211024,Lunn,Yifei,Development
211040,Nitsch,Jaihie,Sales
211063,Mahmud,Rafols,Sales
211109,Manderick,Shaunak,Development
211151,Hertweck,Gaetan,Development
211163,Joslin,Ranga,Sales
211193,Schapiro,Yannis,Development
211208,Erie,Radhia,Development
211250,Luca,Paloma,Development
211280,Rothenberg,Masato,Sales
211282,Lamma,Randy,Development
211299,Molberg,Jaber,Development
211301,Aingworth,Khalid,Development
211304,Hainaut,Bowen,Sales
211333,Tetzlaff,Geoffry,Sales
211361,Candan,Garnet,Sales
211398,Thorensen,Vishwani,Development
211427,Bala,Yechiam,Sales
211430,Gyimothy,Udo,Sales
211433,Vitiello,Fei,Development
211492,Openshaw,Arch,Sales
211498,Hambrick,Zsolt,Development
211504,Ouhyoung,Jaewon,Sales
211507,Pelz,Yifei,Development
211534,Cardazo,Jianhua,Sales
211541,Albarhamtoshy,Perry,Development
211559,Flowers,Macha,Development
211589,Barbanera,Temple,Development
211596,Naumovich,Indrajit,Sales
211599,Picaronny,Heekeun,Development
211618,Rabehasaina,Tetsurou,Development
211644,Trogemann,Menkae,Sales
211655,Aingworth,Giap,Development
211666,Dratva,Nechama,Development
211668,Jarecki,Sigeru,Development
211675,Kalloufi,Yunming,Sales
211703,Mattern,Mart,Sales
211735,Busillo,Uwe,Development
211764,Selenyi,Ziyad,Development
211778,Zallocco,Srinidhi,Development
211781,Hofting,Thanasis,Sales
211800,Melter,Remzi,Development
211801,Merel,Srinidhi,Sales
211809,Ritzmann,Rasiah,Development
211814,Perry,Charlene,Development
211822,Ellozy,Duangkaew,Development
211841,Arlazarov,Zongyan,Development
211916,Ramsey,Prodip,Development
211925,Rodiger,Christophe,Development
211950,Conde,Suzette,Sales
211963,Janocha,Giao,Development
211975,Rosaz,Chaitali,Development
211978,Ritcey,Ottavia,Development
212009,Boguraev,Shaowen,Development
212040,Lunt,Bangqing,Sales
212065,Perng,Jiang,Development
212102,Stranks,Shahid,Development
212117,Hutter,Gill,Sales
212136,Muhlberg,IEEE,Development
212171,Greibach,Valdiodio,Development
212178,Lodder,Alagu,Sales
212193,Sadowski,Kendra,Development
212205,Mungall,Golgen,Development
212210,Vakili,Lokesh,Sales
212219,Solovay,Yahiko,Development
212243,Guenter,Kwangho,Development
212268,Asser,Stamatina,Development
212291,Honiden,Persi,Development
212295,Lukaszewicz,Shahid,Development
212307,Kirkerud,Leni,Sales
212340,Erol,Kokou,Development
212365,Champarnaud,Leon,Sales
212367,Krider,Khatoun,Development
212382,Sullins,Greger,Development
212413,Limongiello,Sanjiv,Sales
212423,Demke,Reinhold,Sales
212482,Angiulli,Lubomir,Sales
212487,Cannane,Toong,Development
212490,Cullers,Caolyn,Development
212519,Muniz,Miomir,Development
212534,Pocchiola,Sariel,Development
212567,Veeraraghavan,Marjo,Development
212591,Ravishankar,Sigeru,Sales
212602,Chiodo,Tua,Development
212604,McAffer,Hongzhu,Development
212635,Krichel,Carrsten,Development
212644,Theuretzbacher,Garnik,Sales
212692,Pardalos,Abdulah,Development
212697,Raney,Yongmao,Development
212706,Remmers,Fai,Development
212737,Mitchem,Eckart,Sales
212750,Bednarek,Sajjan,Development
212758,Stasinski,Phule,Development
212780,Asser,Yuchang,Sales
212796,Eiron,Troy,Sales
212800,Hardjono,Lihong,Sales
212826,Malabarba,Leucio,Sales
212830,Lenart,Dines,Development
212836,Kulisch,Hauke,Development
212854,Hennings,Pranay,Development
212856,Bach,Kayoko,Development
212867,Fujisaki,Genta,Development
212892,Gubsky,Surveyors,Development
212893,Conti,Perla,Development
212917,Cesareni,Weiye,Development
212940,Syrzycki,Nahid,Development
212950,Schiettecatte,Udi,Development
212969,Ecklund,Tzu,Development
212982,Covnot,Oguz,Sales
213035,Nitsche,Shuichi,Sales
213039,Docker,Oldrich,Sales
213040,Coors,Rimon,Development
213059,Seiwald,Mitchel,Sales
213066,Skogmar,Udi,Development
213071,Demian,Jacqueline,Sales
213073,Heemskerk,Huai,Development
213076,Prampolini,Leni,Sales
213083,Nishimukai,Wonhee,Sales
213096,Takanami,Mandell,Sales
213126,Kolvik,Maia,Sales
213144,Luon,Patricio,Sales
213159,Picco,Arto,Sales
213164,Maccarone,Tadahiko,Development
213179,Vernadat,Teiji,Development
213201,Perng,Kinh,Development
213228,Iwayama,Itzchak,Sales
213237,Tagansky,Radhika,Development
213243,Marshall,Shay,Development
213248,Sudkamp,Along,Sales
213258,Carrere,Kersti,Sales
213271,Acton,Djenana,Sales
213275,Sankaranarayanan,Chenxi,Development
213293,Streng,Rafols,Development
213305,Farris,Takahira,Sales
213339,Slobodova,Zhigen,Development
213342,Knightly,Randy,Development
213362,Vendrig,Emdad,Development
213393,Rossi,Hauke,Development
213401,Gulak,Branimir,Development
213407,Mandell,Gino,Sales
213426,Lenart,Demin,Sales
213429,Ballarin,Sadun,Development
213480,Srimani,Dinah,Sales
213490,Bugrara,Gino,Development
213491,Kaiser,Sashi,Development
213497,Legleitner,Leucio,Development
213508,Binding,Somnath,Development
213525,Hellwagner,Kamran,Sales
213623,Hambrick,Valeri,Development
213662,Rosen,Parke,Development
213698,Avouris,Subhankar,Development
213734,Sessa,Boaz,Development
213736,Reistad,Selwyn,Development
213777,Bael,Heng,Development
213786,Deyuan,Adas,Sales
213801,Alameldin,Aruna,Sales
213834,Impagliazzo,Shuji,Sales
213839,Kakkar,Danny,Sales
213843,Plump,Chaoyi,Sales
213849,Gilg,Annemarie,Development
213851,Fairtlough,Vivian,Development
213864,Isard,Marl,Sales
213905,Motley,Sverrir,Sales
213935,Kaminger,Rosita,Development
213944,Bondorf,Goetz,Sales
213947,Desikan,Shir,Development
213961,Weedon,Jaideep,Development
213962,Rahier,Pranjal,Sales
213964,Limongiello,Shawna,Sales
213966,Schade,Mayumi,Development
213978,Eterovic,Jaewon,Development
213981,Melski,Kazuyasu,Sales
213991,Erbe,Miyeon,Sales
213997,Lambe,Kerhong,Development
214014,Verhaegen,Geraldo,Development
214085,Baaz,Saeed,Sales
214099,Prenel,Holgard,Development
214144,Oppitz,Duke,Development
214183,Parfitt,Nathalie,Sales
214204,Glowinski,Alexius,Sales
214209,Peir,Kersti,Development
214211,Peres,Miomir,Development
214216,Billawala,Stabislas,Development
214237,Kaminger,Reinhold,Development
214252,Granlund,Katsuo,Sales
214261,Munch,Terresa,Development
214307,Lamma,Adam,Development
214338,Rahimi,Mountaz,Development
214350,McAffer,Sanjit,Development
214376,Krogh,Jingling,Development
214414,Koyama,Xuedong,Development
214430,Hofman,Kirk,Development
214436,Panangaden,Ashish,Sales
214441,Sgarro,Padma,Sales
214445,Decleir,Shaw,Development
214447,Ariola,Krisda,Development
214448,Baby,Gay,Development
214491,Cromarty,Ulf,Development
214508,Limongiello,Arvin,Development
214511,Marquardt,Masaki,Development
214519,Ushiama,Sadun,Development
214522,Flanders,Otmar,Development
214540,Butner,Boaz,Sales
214563,Ramras,Basil,Development
214606,Erni,Youngkon,Development
214616,Paciorek,Phillip,Development
214622,Peha,Shaw,Sales
214663,Baez,Bangqing,Development
214665,Eickenmeyer,Mana,Development
214682,Neimat,Jaroslava,Sales
214693,Kuzuoka,Garnet,Development
214697,Awdeh,Bluma,Development
214706,Kitai,Marlo,Sales
214716,Makrucki,Hironobu,Sales
214738,Cunliffe,Caolyn,Development
214741,Piazza,Xiahua,Development
214753,dAstous,Stafford,Development
214769,Peir,Augustine,Sales
214785,Sigstam,Arif,Development
214788,Zschoche,Sadun,Development
214791,Ligten,Mana,Development
214794,Ibel,Val,Sales
214796,Cronau,Leah,Sales
214816,Dayang,Owen,Development
214823,Azulay,Aleksandar,Development
214826,Merey,Susuma,Development
214842,Businaro,Nikolaus,Sales
214858,Kushner,Yongdong,Development
214870,Ashish,Munehiro,Development
214874,Ventosa,Hironoby,Sales
214921,Byoun,Hsiangchu,Development
214960,Koblick,Yolla,Sales
214965,Zeleznik,Toshiki,Development
214970,Belinskaya,Arfst,Sales
214973,Conde,Susanta,Development
214984,Yurov,Tomofumi,Sales
215021,Staylopatis,Horward,Development
215033,Ranka,Kwun,Development
215039,Stellhorn,Boutros,Development
215055,Percebois,Percy,Development
215101,Baaz,Mark,Sales
215104,Guting,Giap,Sales
215111,Dahlbom,Sajjad,Development
215123,Angelopoulos,Sangeeta,Sales
215132,Perz,Karoline,Development
215142,Kushner,Danil,Sales
215155,Erdi,Hideyuki,Development
215156,Conti,Kensei,Development
215168,Hellwagner,Houman,Sales
215172,Vigier,Sukumar,Development
215212,Birnbaum,Sigeru,Development
215218,Cappello,Shiv,Sales
215244,Farrow,Duangkaew,Development
215247,Hellwagner,Tonny,Sales
215248,Sinicrope,Dmitri,Development
215262,Meszaros,Naraig,Development
215277,Bach,Ewing,Sales
215282,Stasinski,Panayotis,Sales
215285,Osgood,Kazuhira,Sales
215289,Anger,Eckart,Development
215291,Raoux,Haldun,Development
215326,Furudate,Danae,Sales
215328,Genther,Kristen,Development
215329,Doering,Gregory,Development
215355,Pehl,Amabile,Development
215368,Honiden,Arvin,Development
215379,Muntz,Martina,Development
215402,Prochazka,Sanjiv,Sales
215438,Magalhaes,Bernd,Development
215480,Perly,Guther,Development
215482,Peac,Samphel,Sales
215499,Cherinka,Boriana,Development
215511,Waterhouse,Jaroslava,Development
215513,Litzkow,Sigeru,Sales
215523,Emmerich,Feixiong,Sales
215575,Hofting,Tran,Development
215576,Anger,Takushi,Sales
215616,Aloisi,Sachar,Development
215643,Staelin,Nidapan,Development
215654,Jakobus,Zvonko,Development
215680,Billingsley,Lokesh,Development
215693,Emmart,Hidefumi,Development
215695,Wendorf,Jasminko,Development
215696,Iisaka,Nigel,Sales
215697,Bardell,Tooru,Development
215728,Choobineh,Harjit,Sales
215730,Peek,Amalendu,Development
215733,Krybus,Falguni,Development
215734,Bahi,Gina,Development
215745,Suppi,Lidong,Sales
215776,Ashish,Adas,Development
215783,Prochazka,Sverrir,Sales
215785,Tetzlaff,Zita,Development
215801,Underwood,Alejandra,Development
215831,Ferriere,Halsur,Development
215855,Snedden,Fan,Development
215864,Detkin,Mihalis,Sales
215889,Akiyama,Toshiko,Development
215890,Kroon,Denis,Development
215917,Valette,Mohua,Development
215924,Rotem,Bojan,Sales
215935,Anger,Chikako,Development
215941,Herber,Atilio,Development
215946,Barbanera,Josyula,Development
215950,Kusakari,Baoqiu,Development
215960,Chelton,Elvia,Development
215989,Hofting,Kersti,Development
216020,Gurbaxani,Taiji,Development
216028,Hofmeyr,Guadalupe,Development
216032,Senzako,Alain,Development
216034,Pollacia,Marit,Development
216038,Alameldin,Nahla,Development
216055,Manderick,Dante,Development
216075,Kranzdorf,Nimmagadda,Sales
216102,Vingron,Baziley,Sales
216127,Farrag,Steve,Development
216128,Schneeberger,Syozo,Development
216176,Calkin,Florian,Development
216177,Mattern,Nagui,Development
216181,Biran,Susuma,Sales
216191,Bernick,Yuuichi,Development
216223,Koshino,Zhilian,Sales
216230,Kabayashi,Adib,Development
216233,Crooks,Sushant,Development
216250,Zweizig,Jaana,Sales
216284,Vigier,Maris,Development
216291,Kuszyk,Patricia,Development
216294,Kalefeld,Keiichiro,Sales
216295,Siegrist,Kerhong,Sales
216318,Maierhofer,Guozhong,Development
216321,Lores,Masami,Sales
216326,Zizka,Pantung,Sales
216348,Ernst,Gro,Development
216367,Marchesini,Kwangjo,Development
216389,Naudin,Garnik,Development
216397,Brodal,Feixiong,Sales
216440,Miyakawa,Arve,Development
216443,Pero,Troy,Development
216452,Raney,Odinaldo,Development
216460,Gerteisen,Tetsushi,Development
216496,Shihab,Holgard,Development
216500,Eldridge,Angus,Development
216503,Kaiserswerth,Martial,Development
216532,Merli,Dung,Development
216545,Danley,Sorina,Development
216549,Raney,Menkae,Sales
216562,Jansen,Mikhail,Development
216580,Facello,Susuma,Sales
216599,Pettey,Marsja,Sales
216615,Busillo,Yechiam,Development
216642,Mondadori,Kazuhiko,Sales
216643,Camurati,Luisa,Development
216659,Carrera,Munehiko,Sales
216660,Clemencon,Luerbio,Sales
216668,Rodite,Kellie,Sales
216670,Paludetto,Sreenivas,Sales
216674,Pehl,Theron,Development
216689,Zaumen,Remmert,Development
216703,Zolotykh,Visit,Development
216722,Sudbeck,Leen,Development
216748,Jervis,Salvador,Sales
216750,Farris,Charmane,Development
216789,Ghemri,Eben,Development
216801,Vasanthakumar,Heon,Sales
216809,Winter,Moni,Sales
216813,Lorys,Atreye,Sales
216854,Reeker,Kirk,Development
216860,Monkewich,Akeel,Development
216896,Pelc,Suebskul,Development
216904,Leivant,Khosrow,Development
216934,Krzyzanowski,Nagui,Development
216965,Birke,Badri,Sales
216975,Salverda,Branimir,Development
216988,Hempstead,Abdulla,Development
217023,Pleszkun,Shay,Sales
217062,Cappello,Candido,Development
217070,Gargeya,Aksel,Sales
217107,Auria,Doowon,Development
217109,Ossenbruggen,Arra,Development
217135,Thummel,Boalin,Development
217142,Kaminger,Shir,Development
217173,Krichel,Torsten,Sales
217188,Bach,Leszek,Sales
217199,Saoudi,Miomir,Sales
217201,Papadias,Serif,Sales
217208,Zaccaria,Dante,Development
217276,Schapire,Billur,Development
217283,Falco,Khosrow,Development
217336,Usdin,Jungsoon,Sales
217347,Perri,Mechthild,Development
217349,Zeleznik,Atreyi,Sales
217350,Bauknecht,Bernardo,Sales
217377,Gecsei,Zhaofang,Development
217385,Smailagic,Sadun,Sales
217396,Flowers,Soenke,Development
217418,Puppo,Nikolaos,Development
217471,Coors,Josyula,Development
217484,Nivat,Subhrajyoti,Development
217509,Beutelspacher,Saeed,Development
217534,Guting,Emran,Development
217559,Cappelli,Taizo,Sales
217561,Ananiadou,Kiyotoshi,Sales
217564,Schnabel,Marie,Sales
217574,Gelosh,Roded,Sales
217598,Przulj,Piyawadee,Development
217606,Luit,Khalid,Development
217614,Plavsic,Jianhao,Development
217643,Oxman,Guangming,Sales
217649,Potthoff,Lidong,Sales
217661,Janetzko,Chenxi,Sales
217662,Parveen,Marla,Development
217734,Eldridge,Tayeb,Sales
217746,Pelc,Shih,Sales
217753,Birge,Maria,Development
217756,Kobara,Mahmut,Development
217768,Merro,Bikash,Development
217775,Pusterhofer,Becky,Development
217780,Schreiter,Irene,Sales
217792,Gaughan,Radhia,Sales
217820,Crabtree,Beshir,Development
217824,Ranai,Tomofumi,Sales
217870,Simmel,JoAnna,Development
217873,Uchoa,Gro,Development
217876,Kossowski,Leah,Development
217928,Showalter,Yishay,Development
217945,Georg,Shmuel,Sales
217955,Cairo,Marit,Development
217967,Merli,Candido,Sales
217973,Underwood,Geoffry,Development
217977,Eldridge,Shahaf,Development
217987,Maquelin,Etsuo,Development
217991,Reinhard,Kenton,Sales
217998,Murthy,Dipankar,Development
218029,Lortz,Vivian,Development
218044,Veevers,Maia,Sales
218051,Czap,Seongbin,Sales
218138,Malabarba,Kazunori,Development
218167,Fargier,Diederik,Sales
218178,Brickell,JiYoung,Development
218183,Papastamatiou,Zsolt,Sales
218189,Rindone,Vishv,Development
218200,Szilard,Martien,Development
218201,Ashish,Harjit,Sales
218212,Cheshire,Navin,Sales
218217,Bernick,Wuxu,Sales
218228,Auyong,Francesca,Sales
218264,Uludag,Kenton,Development
218275,Furudate,Mayuri,Development
218280,Gist,Olivera,Development
218291,Kalloufi,Martine,Sales
218319,Speer,Kitty,Sales
218323,Grospietsch,Marsha,Development
218408,McClurg,Alair,Development
218417,Aamodt,Moto,Development
218423,Munro,Arlette,Development
218432,Pettit,Eran,Sales
218435,Mayerwieser,Sanjiv,Development
218439,Jonsson,Amstein,Sales
218441,Lundstrom,Yechezkel,Development
218466,Kadhim,Bernt,Development
218477,Kornatzky,Vishwani,Sales
218497,Boyle,Toshimo,Development
218503,Berztiss,Urs,Development
218528,Matzat,Heeju,Development
218538,Mundy,Khalid,Development
218540,Trelles,Nathalie,Development
218560,Ramamoorthy,Charmane,Sales
218562,Furudate,Arvin,Development
218580,Speek,Kwee,Development
218592,McDermid,Shalesh,Sales
218593,Lamba,Arunas,Development
218598,Mandell,Kristen,Development
218603,Plotkin,Satyanarayana,Development
218605,Radivojevic,Horward,Sales
218608,McClurg,Udi,Development
218616,Montemayor,Haldon,Sales
218629,Perry,Ingmar,Development
218631,Zhiwei,Feixiong,Development
218634,Zobel,Mori,Sales
218654,Srimani,Bedrich,Sales
218655,Lakshmanan,Kiyotoshi,Development
218661,Nitta,Haldon,Sales
218674,Lipner,Toshiko,Sales
218685,Yavatkar,Sarita,Development
218691,Simmen,Marsha,Development
218710,Callaway,Chikako,Development
218713,Glowinski,Akeel,Development
218714,Karlin,Tsuneo,Sales
218725,Hatcliff,Genevieve,Sales
218731,Diderrich,Youjian,Sales
218736,Casley,Lech,Development
218739,Vadhan,Dannz,Sales
218740,Linnainmaa,Lech,Sales
218768,Gaughan,Yurij,Development
218825,Kropatsch,Shaowen,Development
218856,Rattan,Haldon,Development
218875,Litzler,Chaosheng,Development
218878,Fujisawa,Pranay,Development
218883,Erie,Yongqiao,Sales
218885,Gimarc,Rosine,Development
218916,Cronan,Iara,Development
218919,Shackel,Abdulah,Sales
218955,Pargaonkar,Steve,Development
218981,Demos,Achilleas,Development
218998,Hennebert,Kristian,Development
219017,Cangellaris,Atilio,Sales
219026,Quittner,Nathalie,Sales
219028,Laurillard,Arnould,Development
219082,Baalen,Mary,Development
219102,Arlazarov,Xiaoheng,Sales
219116,Sgarro,Jinxi,Sales
219131,Raoux,Yechiam,Development
219138,Barinka,Yoshimitsu,Development
219152,Pouyioutas,Kristen,Development
219219,Gerlach,Maya,Development
219236,Onuegbe,Jinya,Development
219237,Driscoll,Alair,Development
219251,Braunschweig,Gian,Sales
219267,Tibblin,Aloys,Development
219300,Birch,Shigeu,Development
219329,Heiserman,Holgard,Sales
219344,Garigliano,Elzbieta,Sales
219396,Flanders,Miomir,Development
219403,Baja,Gina,Development
219414,Hegner,Nahum,Development
219429,Begiun,Kristian,Development
219462,Uludag,Quingbo,Sales
219489,Ramalingam,Tsutomu,Development
219501,Dratva,Sakthirel,Development
219519,Mitzlaff,Kazunori,Sales
219525,Tempesti,Chuanti,Development
219529,Brender,Takahira,Sales
219545,Harbusch,Fayez,Development
219548,Naumovich,Anestis,Sales
219551,Wuwongse,Sampalli,Sales
219584,Oehlmann,Parto,Development
219589,Worfolk,Supot,Development
219590,Facello,Nahid,Development
219602,Schmiedel,Niclas,Development
219603,Gomatam,Florian,Development
219609,Sanella,Karlis,Development
219629,Kolinko,Rosella,Development
219646,Reghbati,Huai,Development
219649,Benaini,Margo,Sales
219650,Willoner,Gennady,Development
219661,Cronin,Jayson,Sales
219671,Markovitch,Shir,Development
219674,Snedden,Martina,Development
219739,Shinomoto,Xiaobin,Development
219742,Orsini,Jahangir,Development
219761,Lupu,Moss,Sales
219778,Ishibashi,Chuanti,Sales
219809,Mansanne,Kauko,Development
219825,Gladwell,Shen,Development
219829,Kuszyk,Shaz,Development
219839,Swiler,Sugwoo,Sales
219860,Quaggetto,Taisook,Development
219870,Kushner,Leif,Development
219898,Felcyn,Tonny,Sales
219907,Tyugu,Huan,Sales
219940,Heystek,Paraskevi,Development
219962,Gill,Goncalo,Sales
219977,Escriba,Honglan,Sales
219978,Attimonelli,Janche,Development
219991,Decleir,Erzsebet,Development
219994,Broomell,Akemi,Sales
220004,Karnin,Erzsebet,Sales
220007,Molenkamp,Maren,Development
220019,Lamba,Rafael,Sales
220051,Matheson,JoAnne,Sales
220064,Ramras,Mark,Sales
220112,Castellani,Masasuke,Development
220119,Basagni,Kauko,Sales
220123,Lueh,Maia,Sales
220184,Emiris,Mahendra,Sales
220210,Mersereau,Siamak,Development
220211,Reinhart,Hironoby,Development
220222,Verhoeff,Chikara,Development
220234,Viele,Nobuyoshi,Sales
220238,Stille,Luise,Development
220258,Erez,Sajjad,Development
220276,Kuzuoka,Subhada,Development
220312,Karner,Kristina,Development
220316,Backhouse,Sanjoy,Development
220320,Gaughan,Chiranjit,Development
220323,Hainaut,Tomoyuki,Sales
220343,Msuda,Siamak,Sales
220358,Magliocco,Geraldo,Sales
220374,Ohori,Yurij,Development
220419,Seuren,Adhemar,Development
220448,Koblick,Marsha,Sales
220459,Bahk,Ekawit,Sales
220491,Chenney,Ramzi,Sales
220563,Meszaros,Manu,Development
220617,Millington,Turgut,Sales
220619,Jahnichen,Gor,Development
220622,Bernardinello,Tsuneo,Development
220624,Marakhovsky,Lakshmi,Development
220642,Srimani,Cathie,Sales
220645,Penz,Susanna,Development
220657,Sinitsyn,Krisda,Sales
220667,Lyonns,Turgut,Development
220671,Birta,Ult,Development
220672,Caine,Genta,Development
220674,Bruckman,Irene,Development
220692,Remmele,Monique,Development
220702,Crabtree,Steen,Development
220718,Polajnar,KayLiang,Sales
220722,Slaats,Claudi,Sales
220728,Halevi,Sashi,Development
220729,Kamber,Shimshon,Sales
220756,Billingsley,Krister,Development
220762,Schreiter,Pramod,Development
220765,Merel,Ekawit,Development
220785,Redmiles,Sugwoo,Development
220794,Unni,Shiv,Development
220804,Uludag,Aral,Development
220820,Lowrie,Udo,Development
220850,Lipner,KayLiang,Development
220868,Lovengreen,Christoph,Sales
220872,Berztiss,Soenke,Development
220896,Lalonde,Berna,Development
220897,Serot,Kwangjo,Development
220900,Murtafg,Sachin,Development
220901,Zumaque,Stevo,Development
220907,McClure,Pramod,Sales
220932,Bisiani,Hinrich,Development
220955,Nicolson,Houman,Development
220956,Beerel,Dannz,Sales
220992,Francisci,Arie,Sales
220998,Bael,Eckart,Sales
221004,Curless,Gro,Development
221008,Ramalingam,Shrikanth,Development
221014,Baca,Arunachalam,Development
221027,Hofstetter,Yongdong,Development
221040,Socorro,Susanta,Development
221052,Godskesen,Claudi,Development
221080,Rosaz,Tesuya,Development
221085,Ramaiah,Chaosheng,Development
221086,Motley,Baziley,Development
221088,Kawashima,Danae,Development
221118,Klyachko,Nimmagadda,Development
221127,Morrin,Ziva,Development
221130,Kornatzky,Tomofumi,Development
221139,Pietracaprina,Harngdar,Sales
221142,Kambil,Marin,Development
221166,Isaac,Jaana,Development
221172,Bugaenko,DAIDA,Sales
221188,Jansen,Masaki,Development
221207,Bierman,Jinxi,Development
221223,Vandervoorde,Mariangiola,Sales
221240,Plump,Vitali,Development
221267,Hertweck,Mizuhito,Sales
221274,Gargeya,Mingdong,Development
221286,Matzen,Marl,Development
221308,Kroft,Shounak,Development
221324,Trumbly,Elgin,Development
221337,Jiang,Ramachenga,Sales
221351,Chepyzhov,Odoardo,Sales
221356,Hagimont,Pradeep,Development
221371,Percebois,Pohua,Sales
221388,Lund,Gao,Development
221404,Butner,Constantino,Development
221453,Staylopatis,Abdulla,Development
221475,Engelmann,Wilmer,Development
221485,Szmurlo,Nahum,Development
221487,Kambil,Rutger,Development
221505,Barriga,Gritta,Development
221515,Hutter,Weicheng,Development
221561,Plump,Shigeichiro,Development
221577,Capobianchi,Gita,Sales
221583,Heusch,Atreyi,Development
221600,Yemenis,Weiwu,Development
221613,Famili,Ziyad,Development
221645,Rabehasaina,Pradeep,Development
221663,Pileggi,Parto,Sales
221683,Osgood,Gritta,Development
221708,Selenyi,Zijian,Development
221709,Parascandalo,Edwin,Sales
221760,Ellozy,Marko,Sales
221763,Rindone,Maia,Development
221766,Karunanithi,Tzvetan,Development
221770,Winter,Jayesh,Sales
221792,Buescher,Fen,Development
221799,Lorys,Tran,Development
221824,Orsini,Parviz,Sales
221829,Smeets,Nectarios,Development
221850,Ritzmann,Mitsuyuki,Development
221863,Schlegelmilch,Radhia,Sales
221881,Cyne,Subhash,Sales
221882,Aloia,Sahrah,Sales
221888,Frolund,Nathalie,Development
221927,Usdin,Teunis,Development
221946,Foote,Kazuhira,Development
221956,Schoegge,Kwok,Development
221959,Lueh,Krassimir,Development
221989,Terekhov,Jiakeng,Development
221990,Hiyoshi,Adel,Development
222019,Edelhoff,Kristian,Sales
222022,Mayerwieser,Dung,Sales
222046,Driscoll,Nahla,Development
222067,Gaughan,Gift,Development
222077,Kilgour,Gor,Sales
222085,Staelin,Peternela,Development
222110,Warwick,Maria,Development
222122,Henseler,Weidon,Development
222145,Huttel,Zhiwei,Sales
222147,Bernatsky,Hitomi,Sales
222180,Feinberg,Maia,Sales
222192,Esteva,Wuxu,Development
222205,Validov,Ayonca,Sales
222213,Wielonsky,Salvador,Development
222239,Kilgour,Zhiguo,Development
222279,Peroz,Syozo,Development
222286,Claffy,Hongzue,Development
222326,Heyers,DeForest,Development
222330,Bellone,Gor,Sales
222346,Gadepally,Muneo,Development
222358,Pramanik,Vishv,Sales
222359,Murtafg,Kristen,Development
222384,Krybus,Xinglin,Development
222427,Schaft,Roselyn,Sales
222433,Serna,Munehiro,Development
222446,Gente,Yonghong,Development
222470,Velardi,Jaques,Development
222475,Petereit,Xinyu,Development
222494,Parfitt,Ottavia,Development
222506,Alpay,Xudong,Development
222536,Merel,Feipei,Sales
222549,Onuegbe,Ramzi,Development
222552,Deyuan,Shaowei,Development
222558,Ducloy,Hinrich,Development
222559,Mitina,Arvind,Sales
222567,Bultermann,Katsuyuki,Development
222573,Bellmore,Gadiel,Sales
222587,Chiola,Kiyokazu,Sales
222595,Kavvadias,Becky,Development
222598,Bade,Lokesh,Sales
222602,Randi,Amstein,Development
222624,Birdsall,Kenton,Sales
222643,Landherr,Shounak,Development
222667,Mattern,Shigenori,Sales
222685,Lagarias,Anneli,Development
222690,Boreale,Takahiro,Development
222702,Barbanera,Dmitry,Development
222720,Montresor,Dayanand,Development
222730,Feldhoffer,Elgin,Development
222768,Beetstra,Shimshon,Development
222799,Doering,Morrie,Sales
222836,Aloia,Ishfaq,Sales
222845,Gurbaxani,Werner,Development
222899,Peres,Yoshimitsu,Development
222925,Karunanithi,Shrikanth,Sales
222949,Vieri,Steve,Sales
222954,Pleszkun,Persi,Sales
222960,Garnick,Jaroslava,Development
222994,Munawer,Valeska,Development
223006,Srimani,Nalini,Development
223009,Codenie,Xinan,Development
223016,Chaudhuri,Gro,Development
223046,Talmor,Piyawadee,Development
223056,Makinen,Martins,Development
223079,Trelles,Radhakrishnan,Development
223081,Rusterholz,Nalini,Development
223091,Babb,Xinglin,Development
223103,Picaronny,Zeljko,Development
223108,Rodier,Jouko,Development
223130,Hockney,Rafols,Development
223140,Vadhan,Horward,Development
223198,Pusterhofer,Seshu,Development
223292,Savasere,Kasidit,Sales
223310,Erdi,Jolita,Sales
223327,Peron,Teunis,Sales
223344,Eiter,Perla,Sales
223381,Schnelling,Masadi,Development
223384,Khalil,Rimon,Development
223389,Adachi,Shuho,Sales
223406,Yoshimura,Gift,Development
223413,Gist,Jingling,Development
223443,Birke,JoAnna,Development
223461,Kusalik,Manibrata,Sales
223486,England,Mang,Sales
223493,Frolund,Maja,Development
223501,Cappelletti,Gennady,Sales
223509,Osgood,Haldon,Development
223543,Peres,Basil,Development
223550,McFarlan,Seongbae,Sales
223603,Unni,Hitomi,Development
223620,Marshall,Kazuyasu,Development
223645,Shumilov,Tomokazu,Sales
223657,Luca,Kazuhide,Development
223675,Zedlitz,Dulce,Development
223703,Bottner,Kokou,Sales
223729,Mitchem,Nahla,Development
223731,Restivo,Tsutomu,Development
223750,Dayana,Shaibal,Sales
223768,Stifter,Mani,Sales
223788,Olivero,Jinya,Development
223822,Geffroy,Remco,Sales
223830,Biros,Huican,Development
223856,Vidya,Anestis,Development
223869,Woycyznski,Udaiprakash,Development
223870,Kobara,Youssef,Development
223872,Penttonen,Supot,Sales
223874,Pauthner,Giao,Sales
223941,Deyuan,Takanari,Development
223942,Plessier,Elgin,Development
223971,Bisiani,Mikhail,Development
223972,Peng,Phillip,Sales
223975,Kusakabe,Yongmin,Development
223981,Cheshire,Christoph,Sales
223987,Lorch,Wayne,Development
223995,Beilner,Hyuckchul,Development
224000,Kowalchuk,Christfried,Sales
224014,Beetstra,Perry,Development
224030,Sommen,Atreyi,Sales
224044,Mitchem,Ingemar,Development
224051,Syrzycki,Mark,Development
224067,Ruther,Lene,Sales
224070,Krzyzanowski,Chrisa,Sales
224102,Hoogerwoord,Lokesh,Development
224142,McClure,Zhiguo,Development
224162,Olano,Munenori,Sales
224171,Ramamoorthy,Chaitali,Sales
224206,Ciolek,Bilhanan,Sales
224211,Schreiter,Amstein,Development
224216,Trumbly,Alper,Development
224219,Knightly,Murthy,Development
224222,Thorensen,Sumant,Sales
224234,Slobodova,Maha,Development
224245,Vecchi,Tuval,Sales
224251,Juneja,Kensei,Development
224260,Bratten,Bedir,Development
224269,Kornatzky,Makato,Sales
224288,Meriste,Kazunori,Development
224291,Rosca,Christophe,Development
224310,Marzano,Mayumi,Development
224321,Ritcey,Shooichi,Development
224352,Talmor,Adin,Sales
224356,Tischendorf,Giri,Sales
224386,Bhattacharjee,Yucai,Development
224394,Sanella,Isaac,Sales
224431,Bruckman,Xiadong,Sales
224437,Juneja,Aruna,Development
224460,Dayana,Danai,Development
224467,Miyakawa,Gad,Development
224472,Birta,Marla,Development
224497,Range,Yechiam,Development
224498,Khalil,Mary,Sales
224582,Ruemmler,Xudong,Development
224622,Lipner,Tetsurou,Development
224679,Simmel,Mats,Sales
224680,Liedekerke,Beshir,Sales
224694,Collette,Arfst,Sales
224701,Vakili,Keung,Development
224723,Alpay,Guadalupe,Development
224728,Casley,Atreye,Development
224776,Salinas,Thanasis,Sales
224781,Soloway,Rosli,Development
224795,Shokrollahi,Chaitali,Sales
224824,Zedlitz,Leaf,Sales
224828,Versino,Zhigen,Development
224837,Ambroszkiewicz,Yahiko,Development
224901,Pero,Naftali,Development
224907,Matzke,Holgard,Sales
224917,Pollock,Danae,Development
224937,Solovay,Demin,Development
224973,Gire,Steve,Development
224983,Makrucki,Deniz,Sales
225009,Rouquie,Chuanti,Development
225033,Camurati,Naraig,Development
225059,Vernadat,Tuval,Development
225085,Mungall,Niclas,Development
225105,Hempstead,Palash,Sales
225116,Uhrig,Josyula,Development
225123,Gide,Makato,Development
225198,Plavsic,Zhongwei,Development
225203,Frezza,Aris,Development
225211,Krichel,Barry,Sales
225230,Montresor,Berthier,Development
225231,Marakhovsky,Ibibia,Development
225242,Weiland,Ute,Development
225253,Swiss,Uinam,Development
225254,Tzvieli,Sanjoy,Sales
225255,Shumilov,Dharmaraja,Sales
225275,Ishibashi,Baocai,Sales
225280,Miara,Perry,Sales
225287,Decleir,Ronnie,Sales
225301,Collavizza,Huican,Sales
225306,Pagter,Wonhee,Sales
225307,Angel,Shiv,Sales
225310,Dusink,Clyde,Sales
225313,Eiron,Luisa,Development
225323,Sidhu,Morrie,Sales
225327,Kalloufi,Vishwani,Sales
225357,Papastamatiou,Perry,Development
225364,Merle,Souichi,Development
225373,Rodite,Danel,Development
225378,Copas,Chinya,Development
225391,Zolotykh,Amstein,Sales
225439,Koblick,Gian,Development
225444,Vural,Masanao,Development
225454,Baumann,Shem,Development
225463,Masada,Temple,Sales
225464,Vieth,Tetsurou,Development
225515,Herber,Jenwei,Sales
225518,Zyda,Owen,Sales
225546,Albarhamtoshy,Marl,Development
225552,Lalonde,Sariel,Development
225594,Emmerich,Mariusz,Sales
225613,Markovitch,Alenka,Development
225615,Clouatre,Zhonghui,Sales
225621,Hempstead,Erez,Development
225628,Pokrovskii,Tze,Development
225636,Krybus,Magy,Development
225652,Seiwald,Along,Development
225658,Kakkar,Danai,Sales
225661,Baer,Hairong,Sales
225714,Dayang,Gadiel,Development
225719,Himler,Kolar,Development
225747,Tiemann,Tadahiko,Development
225780,Ferretti,Sugwoo,Development
225818,Shihab,Tomoyuki,Development
225829,Peak,Takahito,Development
225840,Rodier,Moti,Sales
225842,Schmezko,Bowen,Development
225864,Morrey,Shao,Development
225870,Peek,Shunichi,Development
225900,Roisin,Tse,Development
225905,Passino,Shih,Sales
225931,Ranon,Duke,Sales
225955,Bernini,Radhia,Development
225965,Alpay,Dhritiman,Development
225980,Antonakopoulos,Luigi,Development
225981,Hopewell,Niclas,Development
225992,Zedlitz,Sverrir,Sales
226002,Gammage,Kaijung,Development
226012,Katalagarianos,Sahrah,Development
226015,Fasbender,Nechama,Development
226017,Orlowski,Badri,Development
226032,Vernadat,Sadegh,Development
226067,Benner,Baruch,Sales
226072,Baalen,Mohammed,Development
226079,Badache,Naraig,Development
226095,Kalsbeek,Unal,Sales
226112,Gomatam,Susanna,Sales
226121,Narahara,Vidar,Development
226133,Dolinsky,Bernd,Development
226146,Syrzycki,Shichao,Development
226181,Sudbeck,Maris,Development
226191,Jakobus,Toong,Sales
226269,Zhiwei,Collette,Sales
226270,Honiden,Uwe,Sales
226307,Lorch,Marin,Development
226325,Avouris,Leni,Sales
226367,Munro,Ung,Sales
226369,Heping,Kensei,Sales
226384,Makinen,Hausi,Sales
226387,Eterovic,Inderjeet,Sales
226431,Budinsky,Alassane,Development
226452,Stellhorn,Patricio,Development
226480,Kusalik,Leszek,Sales
226504,Alencar,Guangming,Development
226580,Melton,Bangqing,Development
226614,Fargier,Valery,Development
226616,Unno,Zine,Development
226629,Itzfeldt,Nakhoon,Sales
226643,Marshall,Hauke,Development
226661,Rosenbaum,Kannan,Development
226670,Gajiwala,Olivera,Development
226699,Bolsens,Zsolt,Sales
226708,Zedlitz,Bikash,Sales
226715,Sullins,Paloma,Development
226733,Pezzoli,Taizo,Development
226741,Gajiwala,Shahab,Development
226752,Luit,Rajmohan,Development
226774,Remmers,Sumali,Development
226775,Veccia,Khalid,Development
226782,Beerel,Jaber,Sales
226792,Shackel,Siamak,Development
226796,Baar,Aksel,Development
226814,Pollock,Zhenbing,Development
226853,Bail,Wuxu,Development
226878,Furedi,Abdulah,Sales
226896,Akaboshi,Yurij,Sales
226899,Syrotiuk,Shigehito,Development
226942,Rattan,Satoru,Development
227005,Nitsche,Xiaoqiu,Sales
227042,Templeman,Gay,Development
227059,Benzmuller,Supot,Development
227125,Luby,Kiyokazu,Sales
227159,Roison,Diederik,Sales
227205,Demizu,Leon,Development
227249,Erni,Hideyuki,Sales
227250,Kusakabe,Sadegh,Development
227296,Christ,Oscal,Development
227297,Ossenbruggen,Elliott,Development
227299,Millington,Kellyn,Development
227358,Muhling,Rafols,Development
227409,Ullian,Jianhao,Development
227416,Hebert,Ferdinand,Development
227440,Angot,Zine,Sales
227445,Reinhard,Maris,Development
227448,Puppo,Steve,Development
227459,Schmiedel,Younwoo,Sales
227465,Ducloy,Bartek,Sales
227475,Danner,Kendra,Development
227517,Rathonyi,Aria,Sales
227530,Krichel,Gilbert,Development
227553,Schwartzbauer,Trygve,Sales
227554,Borstler,Akemi,Development
227563,Yamaashi,Peternela,Sales
227578,Alpay,Randy,Development
227593,Leuchs,Hugo,Development
227595,Kragelund,Gaetan,Development
227650,Juneja,Takanari,Sales
227657,Krzyzanowski,Marjo,Development
227662,Preusig,Gou,Sales
227689,Seuren,Dannz,Sales
227694,Chandrasekhar,Paloma,Sales
227695,DasSarma,Saeed,Sales
227696,Portugali,Moty,Development
227698,Majewski,Genevieve,Development
227704,Karner,Baruch,Development
227724,Murtha,Hironoby,Development
227726,Trystram,Alejandro,Development
227777,Ibel,Ingmar,Development
227783,Constantine,Xiping,Sales
227792,Ponthieu,Woody,Sales
227801,Brobst,Valery,Development
227819,Lichtner,Luerbio,Development
227868,Hardjono,Ute,Development
227877,Tsukune,Leszek,Sales
227880,Comyn,Muneo,Development
227908,Denti,Shih,Development
227910,Alencar,Saniya,Sales
227969,Mandell,Falguni,Sales
227996,Couchot,Sukumar,Sales
228025,Papastamatiou,Yuguang,Development
228051,Viele,Yuguang,Development
228065,McFarlan,Mariusz,Sales
228071,Laurillard,Taegyun,Sales
228142,Talmor,Vojin,Sales
228146,Rande,Navin,Sales
228152,Lung,Sailaja,Sales
228163,Kossowski,Ortrud,Development
228200,Teitelbaum,Chinhyun,Development
228223,Hatcliff,Pranav,Sales
228233,Serov,Francesca,Development
228246,Aloisi,Bartek,Sales
228290,Rousseau,Rasikan,Sales
228320,Murrill,Wonhee,Sales
228357,Brookner,Sarita,Development
228358,Molenaar,Goetz,Development
228368,Remmers,Mario,Development
228426,Cappelletti,Nimmagadda,Development
228429,Emmerich,Atreye,Development
228436,Baja,Vugranam,Development
228449,Kushnir,Pascal,Sales
228472,Magalhaes,Chirstian,Development
228500,Fontet,Martial,Sales
228517,Leaver,Huei,Sales
228519,Porotnikoff,Lihong,Development
228546,Chiodo,Matk,Sales
228548,Mundy,Khosrow,Sales
228563,Baer,Paloma,Development
228576,Motley,Owen,Sales
228587,Basagni,Katsuo,Sales
228591,Petereit,Tristan,Sales
228620,Shackel,Abdelghani,Development
228654,Chachaty,Sudharsan,Sales
228655,Blokdijk,Jiong,Sales
228685,Zolotykh,Peer,Sales
228690,DuBourdieux,Constantine,Development
228716,Rajcani,Sukumar,Development
228774,Klyachko,Xinan,Development
228790,Felder,Djenana,Development
228810,Picel,Lein,Development
228823,Gimbel,Mayuko,Development
228829,Lagarias,Guiseppe,Development
228853,Basawa,Mayumi,Development
228857,Marzano,Christoper,Development
228861,Siksek,KayLiang,Sales
228889,Frolund,Mircea,Development
228895,Fontan,Ugo,Sales
228929,Borovoy,Pascal,Development
228935,Biros,Zsolt,Development
228944,Hmelo,Tzu,Development
228961,Poupard,Xiaoshan,Development
228973,Nations,Cheong,Development
228982,Ramsak,Alagu,Sales
228999,Birsak,Fen,Development
229046,Denti,Fabrizio,Sales
229069,Crelier,Lucian,Development
229097,Merel,Kellyn,Sales
229118,Ranft,Yucel,Development
229137,Prenel,Susanta,Development
229163,Wroclawski,Susuma,Sales
229208,Christianini,Patricio,Sales
229225,McClure,Clyde,Development
229231,Toyoshima,Oscar,Development
229240,Kugler,Sachar,Development
229259,Narahari,Georgi,Development
229269,Portugali,Jianhao,Development
229281,Solovay,Hitomi,Development
229292,Baby,Leah,Development
229307,Peroz,Padma,Development
229317,Wegerle,Fumiya,Development
229367,Katzenelson,Oscar,Sales
229368,Marrevee,Chuanti,Sales
229370,Schwabacher,Mabry,Development
229377,Slutz,Herb,Development
229392,Sundgren,Sangeeta,Development
229415,Ibel,Abdelghani,Development
229423,Murtafg,Stafford,Sales
229435,Kading,Arnd,Development
229461,Raczkowsky,Berto,Sales
229466,Schaft,Monique,Development
229480,Passafiume,Franziska,Development
229481,Conti,Shimshon,Sales
229498,Molberg,Jagoda,Development
229513,Lienhardt,Trygve,Development
229516,Gischer,Susanta,Development
229539,Kawashima,Torsten,Sales
229544,Panangaden,Heon,Sales
229549,DasSarma,Ekawit,Development
229552,Shackel,Utpal,Sales
229569,Merel,Kannan,Development
229571,Pappas,Masanao,Development
229578,Ariola,Bernt,Sales
229579,Aumann,Reinhard,Development
229612,Vidal,Chuanti,Development
229620,Shackell,Arun,Sales
229649,Montresor,DAIDA,Development
229673,Tomescu,Saniya,Development
229686,Piazza,Leni,Development
229761,Garnham,Amalendu,Sales
229810,Attimonelli,Katsuo,Development
229815,Tsukune,Atreyi,Development
229819,Delgrande,Zhenbing,Development
229822,Basagni,Vidya,Development
229846,Melton,Ibibia,Development
229867,Merkl,Jasminko,Development
229903,Callaway,Hausi,Development
229905,Trumbly,Moss,Development
229911,Jansen,Ingmar,Sales
229922,Condotta,Arvin,Development
229926,Sgarro,Tomofumi,Sales
229927,Valiente,Berto,Development
229933,Itzfeldt,Saniya,Development
229937,Butner,Huiqun,Sales
229939,Pusterhofer,Leszek,Development
229943,Kampfer,Kristian,Development
229969,Walstra,Zine,Sales
229997,Zwicker,Fai,Sales
230006,Whittlesey,Yifei,Sales
230008,Angelopoulos,Sajjan,Sales
230022,Skogmar,Xuedong,Sales
230028,Vernadat,Zsolt,Development
230029,Kalorkoti,Wanqing,Development
230040,Cannane,Sergi,Sales
230047,Jullig,Yucai,Sales
230054,Waschkowski,Xiaoshan,Sales
230074,Templeman,Zito,Sales
230091,Birjandi,Waiman,Development
230118,Standera,Toshimori,Development
230136,Iisaka,Lorien,Sales
230156,Beeson,Bernt,Sales
230187,Figueira,Uma,Sales
230192,Mandelberg,Oddvar,Development
230213,Furedi,Yishai,Development
230227,Hegner,IEEE,Development
230246,Hasham,Herbert,Development
230255,Lorcy,Ennio,Development
230280,Feinberg,Karlis,Sales
230288,Erdmenger,Atreyi,Development
230290,Hopewell,Deborah,Development
230296,Makinen,Uzi,Development
230297,Baaz,Odinaldo,Development
230314,Danlos,Sanjay,Sales
230320,Chimia,Tomofumi,Sales
230325,Kinley,Gio,Development
230331,Beutelspacher,Nidapan,Development
230346,Trumbly,Guiseppe,Sales
230352,Hainaut,Radhika,Development
230353,Maierhofer,Siamak,Sales
230357,Marciano,Mitchel,Development
230378,Babu,Brigham,Sales
230412,Mikschl,Subhrajyoti,Development
230415,Fortenbacher,Stein,Development
230453,Macedo,Limsoon,Sales
230465,Coullard,Sajjan,Development
230468,Zweizig,Takahito,Development
230472,Kropf,Val,Sales
230480,Bernini,Udo,Sales
230481,Rathonyi,Khaled,Development
230496,Gips,Tomokazu,Development
230541,Riexinger,Shaunak,Development
230550,Vitiello,Jessie,Sales
230553,Mapelli,Oldrich,Development
230572,Gulak,Sudhanshu,Sales
230594,Cyne,Basim,Development
230599,Danley,Eric,Development
230602,Wursthorn,Arnould,Development
230605,Dratva,Thanasis,Sales
230610,Veevers,Stepehn,Sales
230647,Senzako,Kamakshi,Development
230673,Panwar,Sadegh,Development
230687,Pouyioutas,Mayumi,Development
230691,Angelopoulos,Mantis,Sales
230707,Verhoeff,Tesuro,Development
230723,Portugali,Shimshon,Sales
230737,Hagimont,Hsiangchu,Development
230744,Middleton,Shushma,Sales
230750,Vigier,Magy,Sales
230753,Suri,Geraldo,Development
230768,Luit,Kerryn,Development
230771,Colorni,Bezalel,Development
230774,Erni,Tetsushi,Development
230801,Engberts,Giao,Sales
230813,Shumilov,Tesuya,Sales
230825,Stentiford,Atilio,Development
230846,Perelgut,Parto,Development
230868,Poulakidas,Zengping,Sales
230882,Pezzoli,Geoffrey,Development
230883,Kawashima,Pradeep,Sales
230885,Zhiwei,Gila,Development
230898,Vitiello,Charlene,Development
230928,Schlumberger,Tesuya,Development
230937,Kermarrec,Indrajit,Development
230948,Peac,Emdad,Development
230966,Melski,Tadahiro,Development
230975,Keohane,DeForest,Development
230976,Serot,Chuanyi,Sales
231003,Stamatiou,Hidde,Sales
231023,Madeira,Toshimo,Development
231034,Coors,Xiaobin,Sales
231057,Bhattacharjee,Ziyad,Sales
231075,Basart,Luise,Development
231083,Angelopoulos,Gritta,Development
231096,Tyugu,Debaprosad,Sales
231109,Vickson,Adamantios,Development
231111,Rosiles,Shirish,Development
231116,Danecki,Kristof,Development
231122,Baik,Jeane,Development
231151,Varman,Jessie,Sales
231163,Dechter,Emran,Sales
231178,Highland,Gennady,Sales
231201,Dratva,Chirstian,Development
231207,Lakshmanan,Peternela,Development
231238,Tsukuda,Sarita,Development
231261,Koyama,Rosalie,Development
231276,Butner,Jayesh,Sales
231278,Papadias,LiMin,Development
231279,Muntz,Giap,Sales
231294,Brender,Sven,Sales
231315,Farrar,Subir,Development
231316,Soloway,Zhilian,Development
231339,Skrikant,Bogdan,Development
231344,Kalafatis,Ohad,Sales
231347,Thimonier,Kiam,Development
231391,Atchley,Nevio,Development
231410,Sidou,Persi,Sales
231422,Keohane,Saeed,Development
231425,DuCasse,Danai,Development
231430,Kusakabe,Quingbo,Sales
231436,Nannarelli,Hironobu,Development
231440,Lores,Mariangiola,Development
231456,Sooriamurthi,Tsvetan,Sales
231461,Sidje,Aiichiro,Development
231486,Cmelik,Yefim,Development
231515,Collette,Boutros,Development
231521,Koshino,Kiam,Development
231554,Hennings,Xiaoshan,Development
231557,Griswold,Janche,Development
231563,Rijckaert,Khosrow,Sales
231570,Vecchi,Dietrich,Sales
231571,Broomell,Lena,Sales
231602,Azumi,Leaf,Development
231635,Kalafatis,Billie,Development
231654,Vidal,Rasiah,Sales
231665,Cullers,Gita,Development
231683,Diderrich,Gil,Development
231696,Silva,Foong,Sales
231702,Vieri,Sahrah,Sales
231706,Pettey,Achilleas,Sales
231717,Puoti,Bedir,Development
231736,Peternell,Sverrir,Development
231740,Gustavson,Kyoichi,Sales
231761,Taubenfeld,Jolita,Development
231794,Wuwongse,Eran,Sales
231835,Peyn,Chaoyi,Development
231838,Strandh,Kazuhiko,Development
231858,Baez,Geoffry,Sales
231874,Peroz,Murthy,Sales
231887,Petereit,Yongmin,Sales
231905,Comellas,Hugo,Development
231917,Farrel,Yuriy,Development
231919,Lamma,Sanjit,Development
231935,Perry,Duri,Development
231950,Marchegay,Stella,Development
231956,Birjandi,Spyrose,Sales
231959,Hatcliff,Adib,Sales
231968,Mapelli,Elrique,Development
231994,Hagimont,Hideyuki,Development
232031,Alpay,Zvonko,Development
232040,Hoogerwoord,Vasiliy,Development
232045,Goodrum,Berhard,Development
232050,Weedon,Tomoyuki,Sales
232067,Rosay,Abdelwaheb,Development
232078,Beerel,Susuma,Sales
232089,Czaja,Yoshimitsu,Development
232098,Bale,Margareta,Sales
232102,Ramsay,Hidekazu,Sales
232107,Baby,Boutros,Development
232112,Baalen,Houman,Development
232184,Weiland,Persi,Development
232201,Baig,Weicheng,Sales
232204,Zastre,Mamdouh,Sales
232220,Hettesheimer,Zengping,Development
232229,Noriega,Fox,Development
232238,Fiutem,Piyawadee,Development
232294,Klerer,Arie,Development
232297,Borstler,Ghassan,Development
232313,Schiettecatte,Raimond,Sales
232338,Mahnke,Genta,Sales
232381,Tempesti,Siddarth,Sales
232389,Kumaresan,Marit,Development
232396,Weisert,Alejandra,Development
232423,Baezner,Szabolcs,Development
232438,Polupanov,Demos,Development
232508,Brickell,Kankanahalli,Sales
232526,Bernick,Stepehn,Sales
232561,Lamparter,Elliott,Development
232564,Trachtenberg,Vishu,Development
232569,Benzaken,Boalin,Sales
232587,Weedon,Sreenivas,Development
232592,Lienhardt,Chuanti,Development
232599,Kropf,Haldon,Sales
232601,Honglei,Claude,Development
232613,Butner,Uwe,Development
232623,Linares,Guther,Development
232632,Radhakrishnan,Brewster,Development
232636,Peha,Duro,Sales
232638,Morris,Morrie,Development
232679,Baca,Lijie,Sales
232684,Hockney,Hyuckchul,Development
232686,Akiyama,Kazuhiko,Sales
232690,Ranon,Mikhail,Sales
232691,Brookner,Rutger,Development
232711,Vitiello,Palash,Development
232716,Bruckman,Manu,Sales
232722,Srimani,Mitchel,Sales
232727,Jonsson,Sastry,Development
232753,Sudbeck,Tadanori,Sales
232801,Legleitner,Krassimir,Sales
232808,Ghalwash,Uriel,Development
232811,Shanbhogue,Jinxi,Development
232813,Breugel,Chandrasekaran,Development
232856,Gulik,Filipp,Development
232868,Suri,Tua,Development
232882,Pepe,Zhigen,Sales
232883,Lorie,Gita,Sales
232888,Comellas,Ennio,Development
232911,Borstler,Marin,Development
232933,Solovay,Keung,Sales
232947,Meriste,Noritoshi,Sales
232951,Weedon,Jianhua,Sales
232968,Genther,Duri,Development
232977,Chenney,Perla,Development
232982,Etalle,Supot,Sales
232995,Billawala,Jixiang,Sales
233040,Weedon,Terresa,Development
233048,Waterhouse,Sailaja,Sales
233071,Crouzet,LiMin,Development
233080,Frezza,Marsha,Development
233097,Olano,Djenana,Development
233115,Middleton,Felicidad,Development
233121,Norsworthy,Lucian,Development
233136,Ruther,Kauko,Sales
233147,Teitelbaum,Yishai,Development
233155,Brookner,Xinan,Development
233163,Ginneken,Jayson,Sales
233196,Bottner,Masoud,Sales
233222,Bugrara,Kwangjo,Sales
233244,Baik,Sibyl,Development
233250,Hoogerwoord,Jayson,Sales
233253,Merli,Kyoichi,Development
233257,Waeselynck,Mikhail,Sales
233272,Teitelbaum,Trygve,Development
233278,Eiron,Berto,Development
233314,Luby,Karoline,Development
233354,Bernick,Mingzeng,Development
233364,Underwood,Yefim,Development
233375,Comte,Chrisa,Development
233385,Kulisch,Georgi,Development
233388,Wendorf,Aluzio,Sales
233400,Rothenberg,Vatsa,Development
233429,Kranzdorf,Marjo,Development
233431,Flowers,Jingling,Sales
233464,Bach,Hsiangchu,Development
233465,Birke,Hongzue,Development
233481,Talmon,Nectarios,Development
233494,Chartres,Basem,Development
233518,Conry,Utpal,Development
233520,Ghazalie,Magdalena,Sales
233526,Comyn,Yuchang,Development
233541,Ecklund,Amalendu,Development
233547,Dichev,Masali,Sales
233557,Benveniste,Boutros,Development
233588,Genin,Gill,Sales
233591,Lunn,Fox,Development
233594,Yamaashi,Xiahua,Sales
233610,Litzler,Mabo,Sales
233613,Masand,Nigel,Sales
233647,Thummel,Salvador,Development
233652,Auria,Hatim,Sales
233653,Chachaty,Neelam,Development
233659,Swick,Chenye,Development
233681,Fontet,Adam,Development
233701,Nollmann,Shen,Sales
233706,Mawatari,Lansing,Development
233738,Mayerwieser,Candida,Development
233749,Beausoleil,Charlene,Development
233770,Huxford,Moheb,Development
233791,Zhiwei,Hideyuki,Sales
233798,Feinberg,Pranas,Development
233810,Peltason,Stevo,Development
233821,Salvesen,Lubomir,Development
233822,Mitchem,Nathan,Development
233837,Luef,Filipp,Development
233858,Nivat,Irena,Development
233878,Vanwelkenhuysen,Shigenori,Sales
233892,Siochi,Tiina,Development
233943,Theuretzbacher,Seongbae,Development
233951,Hiraishi,Anestis,Sales
233953,Lindqvist,Mona,Development
233958,Magliocco,Toney,Development
233964,Merle,Luise,Development
233966,Albarhamtoshy,Shimshon,Sales
233975,Leuchs,Werner,Development
233981,Francisci,Angel,Development
234016,Sewelson,Katsuo,Development
234024,Ventosa,Yuqun,Sales
234031,Hitomi,Xudong,Sales
234045,Zschoche,Gift,Sales
234046,Valtorta,Guadalupe,Sales
234056,Perng,Udaiprakash,Sales
234084,Viele,Rance,Sales
234098,Ulupinar,Saddek,Sales
234120,Ghazalie,Heekeun,Development
234131,Ranka,Arumugam,Development
234136,Roison,Leszek,Development
234153,Beerel,Remzi,Development
234166,Birke,Isamu,Sales
234172,Dulli,Make,Development
234181,Camarinopoulos,Masali,Development
234207,Riexinger,Mingsen,Development
234214,Matzen,Yunming,Development
234234,Minakawa,Edwin,Development
234237,Bugrara,Falguni,Development
234253,Staylopatis,Subhash,Sales
234265,Gils,Fei,Development
234281,Karnin,Zito,Development
234282,Rosis,Sasan,Development
234291,Schaaf,Gen,Development
234300,Beznosov,Subhrajyoti,Development
234310,Murtagh,Bojan,Sales
234311,Haddadi,Fusako,Sales
234317,Calkin,Willard,Development
234326,Sherertz,Munehiko,Development
234331,Cherinka,Cullen,Development
234334,Kornatzky,Kshitij,Sales
234357,Maraist,Heather,Development
234358,Ebeling,Ioana,Development
234366,McFarlan,Goncalo,Development
234390,Arlazarov,Mokhtar,Development
234394,Sichman,Kazuhide,Sales
234400,Zirintsis,Martine,Development
234417,Kusakari,Arunas,Development
234428,Perin,Bodh,Sales
234438,Schnelling,Sreekrishna,Development
234442,Hutton,Marlo,Development
234500,Zockler,Dmitry,Development
234512,Lortz,Kitty,Development
234562,Berztiss,Howell,Development
234591,Hemaspaandra,Kshitij,Development
234601,Lanzelotte,Alexius,Development
234643,Schaar,Arvind,Development
234676,Valiente,Yaghout,Development
234690,Bridgland,Dmitri,Development
234703,Levasseur,Deborah,Development
234729,Kropatsch,Collette,Development
234761,Borstler,Lijia,Development
234777,Badache,Hitofumi,Sales
234797,Schoegge,Margo,Development
234813,Tagansky,Dietrich,Development
234918,Khalil,Kannan,Sales
234932,Brodie,TRUE,Sales
234990,Markovitch,Mohamadou,Development
234995,Talmon,Mori,Development
234996,Hasham,Mark,Development
235001,Escriba,Anneke,Development
235018,Basawa,Guozhong,Development
235019,Peir,Tooru,Sales
235024,VanScheik,Sariel,Sales
235028,Juneja,Yucai,Development
235062,Mapelli,Takahito,Development
235078,Ullian,Yoshinari,Development
235084,DeMori,Karsten,Development
235107,Comellas,DAIDA,Development
235115,Byoun,Sandeepan,Sales
235134,Bratsberg,Masami,Sales
235136,Azuma,Parto,Development
235148,Rouquie,Mountaz,Development
235177,Petereit,Deborah,Development
235190,Provine,Matt,Development
235225,Binding,Aloke,Sales
235232,Spinelli,Ramzi,Development
235239,Lundstrom,Temple,Development
235267,Anido,Troy,Development
235270,Matzke,Nadjib,Development
235271,Azuma,Gregory,Sales
235275,Perly,Stafford,Development
235287,Glowinski,Arco,Development
235291,Fontet,Arto,Development
235317,Gerteisen,Sorina,Sales
235330,Nooteboom,KayLiang,Development
235344,Burnard,Cristinel,Development
235348,Merro,Jinya,Development
235360,Castellani,Lein,Sales
235364,Keohane,Marie,Sales
235366,Esteva,Xinyu,Development
235377,Kusalik,Guther,Sales
235382,Pillow,Ghassan,Sales
235411,Litzler,Mingzeng,Sales
235454,Lally,Guadalupe,Development
235486,Bahr,Tse,Development
235506,Shokrollahi,Jaber,Development
235524,Itzigehl,Jolita,Sales
235545,Collette,Fatemeh,Development
235568,Trachtenberg,Izaskun,Development
235570,Swist,Suzette,Development
235573,Stamatiou,Adil,Sales
235594,Heemskerk,Yannik,Development
235597,Kobara,Makato,Development
235626,Loncour,Mizuhito,Sales
235629,Perz,Aleksander,Development
235631,Khamsi,Yechezkel,Sales
235661,Menhardt,Along,Sales
235684,Georgatos,Horward,Development
235706,Fendler,Shuichi,Development
235710,Bonifati,Sachem,Sales
235740,Baer,Arco,Sales
235775,Driscoll,Chriss,Sales
235786,Schlumberger,Przemyslawa,Sales
235790,Hofting,Shigehiro,Development
235824,Thimonier,Sedat,Development
235834,Ducloy,Kish,Development
235862,Openshaw,Neven,Development
235899,Picht,Toshiko,Development
235905,Riefers,Zeljko,Sales
235937,Atchley,Moto,Development
235951,Unno,Gen,Development
235980,Serre,Cullen,Development
236019,Gerlach,Nishit,Development
236041,Nergos,Girolamo,Sales
236050,Marchesini,Yoshinari,Development
236067,Collette,Radoslaw,Development
236083,Scharstein,Marl,Development
236097,Serot,Hatim,Sales
236118,Conti,Aleksandar,Development
236119,Schwartzburd,Emran,Sales
236154,Demeyer,Shmuel,Sales
236168,Hopewell,Kyoichi,Development
236190,Lichtner,Ugo,Development
236203,Suermann,Shahab,Development
236211,Zolotykh,Przemyslawa,Development
236224,Iisaka,Jolita,Development
236236,Melichar,Pranjal,Development
236243,Daescu,Jinxi,Sales
236247,Staudhammer,Chaitali,Development
236259,Mondadori,Baruch,Sales
236267,Remmele,Uriel,Development
236272,Litvinov,Chirstian,Development
236285,Erni,Takahito,Development
236287,Butner,Babette,Development
236290,Sichman,Ingmar,Development
236328,Nations,Chinhyun,Development
236329,Rosay,Bodo,Development
236373,Fujisaki,Mahendra,Sales
236381,Stavenow,Breannda,Sales
236383,Figueira,Magdalena,Development
236398,Ciolek,Satyanarayana,Development
236417,Beilner,Nikolaus,Sales
236441,Bednarek,Salvador,Development
236447,Vasanthakumar,Achilleas,Sales
236466,Krohn,Yinghua,Sales
236470,Vendrig,Debaprosad,Development
236494,Katiyar,Leon,Development
236496,Lyonns,Dhritiman,Development
236555,Luga,Adamantios,Sales
236574,Munch,Jacqueline,Development
236602,Baak,Temple,Development
236607,Lorcy,Geraldo,Development
236691,Pramanik,Hatim,Sales
236696,Cappelli,Xiaoheng,Development
236698,Ramaiah,Kokou,Development
236727,Staylopatis,Duri,Sales
236733,Pero,Ziva,Sales
236740,Bergere,Shahaf,Development
236795,Trystram,Arno,Sales
236812,Azadmanesh,Xiaoheng,Development
236837,Qiwen,Mabhin,Development
236848,Marwedel,Vincent,Development
236856,Couchot,JoAnne,Development
236906,Otillio,Aluzio,Development
236910,Orsini,Jordanka,Sales
236925,Argence,Leaf,Sales
236936,Schusler,Hironobu,Development
236938,dAstous,Elgin,Development
236957,Matzen,Marsal,Sales
237008,Roisin,Giap,Development
237012,Narwekar,Berhard,Development
237022,Gopalakrishnan,Ibibia,Sales
237047,Peres,Akeel,Sales
237078,Braccini,Khalid,Development
237093,Ranum,Demos,Development
237128,Zschoche,Nalini,Sales
237136,Poulakidas,Stabislas,Development
237158,Hertweck,Shaowei,Sales
237159,Turnbull,KayLiang,Development
237175,Reutenauer,Adil,Sales
237196,England,Abdelkader,Sales
237202,Hettesheimer,Hongzhu,Sales
237218,Cullers,Kirk,Sales
237221,Krohm,Magy,Development
237240,Trumbly,Jianhua,Development
237253,Bisiani,Jianhao,Sales
237291,Gecsei,Jackson,Sales
237324,Lorin,Susanna,Development
237325,Passino,Jayson,Sales
237337,Vuskovic,Heekeun,Sales
237340,Negoita,Aris,Sales
237343,Zolotykh,Ottavia,Development
237393,Penttonen,Limsoon,Sales
237413,Sabnani,Basim,Development
237438,Kading,Junichi,Sales
237445,Furedi,Beshir,Development
237454,Zielinski,Sivanarayana,Development
237463,Buescher,Becky,Development
237476,Vilarrasa,Khalil,Sales
237483,Zumaque,Morrie,Development
237486,Sevcikova,Mountaz,Sales
237488,Ishibashi,Padma,Development
237495,Gluchowski,Etsuo,Development
237497,Stavenow,Turgut,Development
237511,Bashian,Pascal,Development
237512,Berztiss,Guozhong,Development
237519,Pearson,Mayuri,Development
237536,Horswill,Candida,Development
237542,Hatcliff,Weicheng,Sales
237546,Clemencon,Guttorm,Sales
237547,Tramer,Vasiliy,Development
237558,Riefers,Nikolaos,Sales
237572,Codenie,Jiong,Development
237638,Kaminger,JoAnne,Development
237643,Begiun,Premsyl,Development
237663,Onuegbe,Junsik,Development
237671,Cangellaris,Reinhard,Development
237681,Berztiss,Shem,Development
237693,Veeraraghavan,Matt,Development
237717,Heping,Owen,Development
237740,Birrer,Fan,Development
237773,Iwayama,Eberhardt,Development
237777,Fiebach,Anneli,Sales
237790,Bierbaum,Yannik,Development
237794,Morrin,Fei,Sales
237802,Fargier,Pasqua,Development
237812,Gischer,Xiadong,Sales
237820,Rosiles,Jiakeng,Development
237863,Kushnir,Manohar,Development
237892,Dechter,Pohua,Development
237894,Dalton,Jiang,Sales
237902,Francisci,Ingemar,Development
237917,Schaad,Kendra,Development
237931,Baaz,Caolyn,Development
237971,Steenbeek,Seongbin,Development
238004,Reeken,Mariusz,Sales
238018,Radhakrishnan,Amabile,Development
238032,Srimani,Filipe,Development
238039,Eppinger,Ekawit,Development
238041,Leslie,Qiwen,Development
238047,Krohn,Renee,Sales
238049,Undy,Subhrajyoti,Sales
238053,Baca,Lein,Sales
238100,Burnard,Koldo,Development
238105,Socorro,Mikhail,Development
238131,Besselaar,Wojceich,Sales
238132,Ghazalie,Neven,Development
238155,Nittel,Adil,Development
238159,Schicker,Toshiki,Sales
238160,Merks,Edwin,Sales
238164,Sullins,Perry,Sales
238172,Vuskovic,Radhia,Sales
238202,Nilsson,Waiman,Development
238225,Senzako,Udaiprakash,Sales
238244,Rosca,Richara,Development
238275,Middleton,Huai,Development
238298,Cunliffe,Prasadram,Sales
238316,Grospietsch,Kamran,Development
238355,Marzano,Roddy,Development
238360,Basawa,Demin,Sales
238372,Harbusch,Yuriy,Development
238389,Perfilyeva,Etsuo,Sales
238406,Wegerle,Conor,Sales
238475,Jarecki,Fox,Sales
238476,Lanzelotte,Khalid,Sales
238490,Sessa,Denny,Development
238504,Fiebach,Baruch,Development
238505,Camurati,Falguni,Sales
238508,Schach,Sahrah,Sales
238537,Bellone,Tomofumi,Development
238538,Pehl,Fumitaka,Development
238565,Marchegay,Bangqing,Sales
238578,Uhrig,Neelam,Development
238599,Breugel,Tokuyasu,Sales
238619,Benantar,Badri,Development
238625,Schusler,Filipe,Development
238634,Acton,Bokyung,Development
238653,Segond,Greger,Development
238659,Zirintsis,Khalil,Development
238669,Rosenbaum,Masako,Sales
238673,Ressouche,Shen,Development
238743,Rabehasaina,Paraskevi,Sales
238752,Acton,Aluzio,Development
238779,Driscoll,Shigeaki,Sales
238797,Akaboshi,Filipp,Sales
238813,Marsiglia,Shaz,Development
238836,Merlo,Gopalakrishnan,Sales
238867,Sigstam,Visit,Sales
238869,Glinert,Alagu,Development
238879,Joslin,Emran,Development
238880,Heyers,Atreye,Development
238900,Furedi,Yaghout,Development
238934,Bardell,Evgueni,Development
238935,Jakobus,Janalee,Sales
238964,Baca,Zorica,Sales
239013,Lamparter,Alassane,Development
239021,Foong,Christ,Sales
239066,Pesch,Stafford,Sales
239074,Koprowski,Chenyi,Sales
239078,Narwekar,Szabolcs,Sales
239089,Gonthier,Vidya,Sales
239097,Ratnaker,Sungwon,Development
239108,Thombley,Shigehito,Sales
239139,Varman,Kristinn,Sales
239146,Kakkad,Duke,Development
239173,Vandervoorde,Mitchel,Sales
239179,Panangaden,Kaijung,Sales
239184,Luce,Jinpo,Development
239185,Giaccio,Luigi,Sales
239261,Pileggi,Shem,Development
239273,Murtafg,Martine,Development
239295,Orlowska,Pragnesh,Sales
239306,Marwedel,Ziva,Development
239338,Polupanov,Nitsan,Sales
239341,Gecsei,Shigehiro,Sales
239350,Peltason,Marlo,Sales
239365,Bratten,Hsiangchu,Sales
239377,McFarlan,Geraldo,Sales
239403,Casperson,Sanjiv,Sales
239414,Renear,Sverrir,Sales
239423,Gyimothy,Hongzue,Sales
239430,Weedman,Shrikanth,Development
239443,Ouhyoung,Teruyuki,Development
239446,Yetim,Uriel,Development
239463,Tagansky,Arve,Development
239477,Tsunoo,Chinya,Development
239481,Winter,Youjian,Development
239494,Stifter,Ramachenga,Sales
239495,Stemann,Saeed,Sales
239513,Piveteau,Takushi,Development
239594,Callaway,Radhika,Development
239596,Takanami,Almudena,Development
239598,Rosch,Taiji,Sales
239606,Brookman,Susanta,Sales
239621,Tzvieli,Josyula,Development
239641,Eickenmeyer,Yannik,Development
239642,Belinskaya,Mara,Development
239685,Tagansky,Houman,Development
239686,Penttonen,Slavian,Development
239689,Cooman,Susanta,Sales
239711,Lagarias,Arun,Development
239718,Docker,Shaunak,Sales
239720,Pehl,Karoline,Development
239728,Bazzichi,Nalini,Sales
239729,Rousseau,Lijie,Sales
239744,Bahl,Kristinn,Development
239756,Coors,Leif,Development
239762,Szemeredi,Kamakshi,Development
239782,Shackel,Indrajit,Sales
239786,Lamparter,Mang,Sales
239798,Trystram,Uzi,Sales
239802,Isard,Elvis,Sales
239806,Kadhim,Byong,Sales
239809,Baaz,Naraig,Development
239831,Diderrich,Miyeon,Sales
239832,Kakkar,Akhilish,Sales
239859,Keirsey,Adam,Sales
239896,Hasenauer,Shuzo,Sales
239917,Christ,Soenke,Development
239927,Riefers,Theron,Sales
239934,Tyugu,Lalit,Development
239939,Bazelow,Uli,Development
239944,Fritzsche,Mariangiola,Sales
240014,Swiler,Manibrata,Development
240091,Snyers,Sham,Development
240097,Kitai,Godehard,Development
240134,Mattern,Lidong,Sales
240194,Suppi,Limsoon,Development
240196,Vigier,Xianlong,Sales
240208,Dusink,Eishiro,Development
240290,Munck,Pohua,Development
240309,Angel,Roselyn,Development
240313,Krupka,Sandeepan,Development
240344,Koyama,Sarita,Development
240367,Yetim,Amabile,Development
240378,Trachtenberg,Rimli,Development
240429,Pepe,Yishay,Development
240452,Shihab,Giordano,Development
240469,Oxenboll,Harngdar,Sales
240475,Guardalben,Qunsheng,Development
240518,Reeker,Guadalupe,Development
240530,Sridhar,Alois,Development
240559,Bhattacharjee,Yinlin,Sales
240561,Simmen,Stella,Development
240587,Akazan,Zorica,Sales
240609,Serre,Taegyun,Development
240629,Ratnaker,Jamaludin,Development
240639,Bratten,Mountaz,Sales
240669,Azulay,Jeanna,Development
240684,Bain,Masaki,Sales
240690,Narahara,Jungsoon,Development
240696,Velardi,Boutros,Sales
240744,Ratnakar,Yakkov,Sales
240787,Farrel,Munenori,Development
240797,Hofmeyr,Harngdar,Sales
240802,Scallan,Angus,Development
240811,Eugenio,Valdiodio,Development
240814,Vieri,Filipp,Sales
240835,Billingsley,TRUE,Development
240869,Hasham,Kirk,Sales
240892,Wiegley,Charlene,Sales
240927,Alvarado,Adit,Development
240928,Unni,Shahaf,Sales
240936,Tanemo,Shahid,Development
240941,Maginnis,Tianruo,Development
240950,Kleiser,Demos,Development
240951,Awdeh,Visit,Development
240988,Flasterstein,Weidon,Development
241006,Hopewell,Ramzi,Development
241031,Bain,Kauko,Sales
241035,Marshall,Heping,Development
241055,Litecky,Zito,Development
241067,Binkley,Shigeu,Development
241071,Tetzlaff,Jovan,Sales
241092,Seuren,Doowon,Development
241107,Lichtman,Moss,Development
241123,Jonsson,Tomoyuki,Sales
241126,Francisci,Masamitsu,Development
241145,Sundgren,Kwee,Sales
241204,Dehkordi,Fumitake,Development
241213,Fritzsche,Kazuhito,Sales
241253,Schapiro,Shigeichiro,Development
241301,Perin,Masato,Development
241303,Bratsberg,Jamaludin,Sales
241320,Rosch,Sreekrishna,Development
241321,Heping,Shir,Development
241353,Jakobus,Randi,Development
241389,Sommen,Yishay,Development
241411,Salvesen,Subhada,Sales
241413,Parveen,Pramod,Development
241419,Solares,Insup,Development
241427,Msuda,Fei,Development
241463,Fritzsche,Tadahiko,Development
241472,Slobodova,Jianhao,Development
241481,Dahlbom,Muzhong,Development
241486,Gihr,Aron,Development
241514,Arlazarov,Arve,Development
241518,Rijckaert,Janche,Development
241548,Crouzet,Evgueni,Development
241553,Gurbaxani,Nathan,Sales
241558,Hedayat,Sadok,Development
241577,Wendorf,Gao,Sales
241580,Motley,Ortrun,Development
241595,Muhling,Oddvar,Sales
241597,Spieker,Thodoros,Development
241607,Shanbhogue,Luerbio,Development
241622,Grospietsch,Mara,Sales
241623,Knightly,Fumitaka,Sales
241627,Plump,Remco,Development
241639,Stafford,Kankanahalli,Development
241660,Boissier,Marla,Development
241665,Businaro,Dinah,Development
241672,Schlegelmilch,Augustine,Sales
241690,Lemarechal,Atreyi,Development
241750,Grabner,Shih,Development
241762,Tiemann,Toney,Development
241784,Lamparter,Francesca,Sales
241842,Staudhammer,Kokou,Sales
241851,Marzano,Domenico,Sales
241853,Wolniewicz,Ulf,Sales
241855,Undy,Nechama,Development
241895,Clemencon,Cullen,Development
241926,Debuse,Matk,Sales
241940,Schoegge,Carrsten,Sales
241955,Vakili,Evgueni,Development
241965,Kornatzky,Aimee,Sales
242011,Mahnke,Subhash,Development
242037,Yemenis,Izaskun,Sales
242054,Schwartzburd,Renee,Development
242055,Zaiane,Arco,Development
242089,Highland,Chrisa,Development
242114,Orlowska,Angus,Sales
242132,Liesche,Serge,Sales
242162,Bodoff,Yinghua,Sales
242185,Aamodt,Kazuhito,Development
242227,Dahlbom,Jouni,Sales
242231,Biron,Lansing,Development
242248,Garnick,Nishit,Sales
242250,Ishibashi,Yoshinari,Development
242262,Przulj,Ziva,Development
242289,Wixon,Sakthirel,Development
242304,Jenevein,Shuji,Development
242321,Reeker,DAIDA,Development
242333,Dolinsky,Gaetan,Development
242334,Kadhim,Renny,Sales
242342,Pargaonkar,Marsha,Development
242347,Heystek,Teunis,Sales
242367,Papastamatiou,Larisa,Sales
242373,Weisert,Christoper,Sales
242404,Zumaque,Kwee,Development
242470,Constantine,Tse,Development
242509,Hebden,Rosalyn,Sales
242536,Janetzko,Fusako,Development
242585,Cyre,Kwangho,Development
242586,Gulik,Xinglin,Sales
242601,Kumaresan,Adhemar,Development
242603,Brender,Pasqua,Development
242674,Ibel,Eric,Development
242686,Koblitz,Mart,Sales
242717,Nanard,Mori,Development
242724,Stamatiou,Inderjeet,Development
242731,Erdmenger,Arun,Sales
242736,Masada,Chikara,Sales
242779,Whitcomb,Mona,Development
242781,Jarecki,Aris,Sales
242789,Nitsch,Hitomi,Development
242793,Rosca,Ekawit,Development
242795,Bouloucos,Tetsurou,Development
242802,Shobatake,Heng,Sales
242818,Murtagh,Malu,Development
242819,Lukaszewicz,Xuejia,Development
242821,Baby,Vojin,Sales
242834,Tetzlaff,Sanjoy,Development
242862,Leonhardt,Mario,Sales
242870,Thiria,Kazuhisa,Development
242879,Khalid,Khalil,Development
242886,Nitsch,Guadalupe,Development
242895,Pillow,Khoa,Development
242903,Genther,Dung,Sales
242907,Eppinger,Bouchung,Development
242940,Vieth,Hinrich,Development
242949,Perelgut,Surveyors,Development
242963,Jenevein,Yuguang,Sales
242973,Basagni,Parviz,Development
242990,Journel,Sachar,Sales
243005,Moffat,Leszek,Development
243014,Codenie,Gaurav,Development
243024,Sherertz,Girolamo,Sales
243056,Steinauer,Hatim,Sales
243068,Champarnaud,Babette,Sales
243086,Kumaresan,Rosalie,Sales
243089,Peak,Jixiang,Sales
243099,Barvinok,Mansur,Development
243103,Coney,Gao,Development
243113,Dayana,Arno,Development
243114,Kemmerer,Gererd,Development
243131,Detkin,Paris,Sales
243141,Birnbaum,Kshitij,Development
243154,Marrakchi,Maia,Development
243178,Bazelow,Kaijung,Development
243180,Terkki,Gen,Development
243184,Zongker,Hilari,Sales
243189,Rebaine,Goh,Sales
243202,Panienski,Kitty,Development
243213,Kusakabe,Malu,Sales
243215,Bain,Yakichi,Sales
243225,Luby,Yakichi,Sales
243260,Delgrossi,Wonhee,Development
243270,Ruemmler,Zongyan,Development
243280,Perng,Frazer,Sales
243293,Zhiwei,Sanjit,Development
243306,Randt,Sailaja,Sales
243311,Dengi,Mikhail,Sales
243316,Talmon,Brendon,Sales
243362,Sifakis,Fatemeh,Development
243427,Salvesen,Gal,Development
243433,Takanami,Mart,Development
243435,Akiyama,Moriyoshi,Sales
243469,Marakhovsky,Serap,Development
243470,Tyugu,Paloma,Sales
243478,DasSarma,Ekawit,Sales
243494,Bernatsky,Dannz,Sales
243508,Sinitsyn,Dhritiman,Sales
243510,Detkin,Paraskevi,Development
243535,Chorvat,Chinhyun,Development
243561,Sichman,Sergi,Development
243563,Huttel,Gregory,Development
243565,Veeraraghavan,Nigel,Development
243569,Ravishankar,Mitchel,Development
243571,Kulisch,Zeljko,Development
243578,Klassen,Ymte,Development
243584,Leivant,Chikako,Development
243592,Frolund,Radhia,Sales
243595,Strooper,Yonghong,Sales
243613,Parveen,Gudjon,Sales
243633,Tanemo,Krister,Development
243655,Barinka,Jolita,Development
243656,Haumacher,Leon,Sales
243677,Baezner,Odoardo,Development
243678,Papadias,Dzung,Sales
243689,Neiman,Koichi,Sales
243694,Businaro,Niclas,Development
243695,Stasinski,Harngdar,Development
243716,Denos,Abdulah,Development
243743,Cyre,Adam,Development
243766,Oppitz,Xinyu,Development
243785,Veldwijk,Takahiro,Sales
243793,Felder,Willard,Sales
243799,Chaudhury,Kiam,Sales
243812,Miculan,Jixiang,Sales
243815,Improta,Zengping,Development
243820,Akaboshi,Chiranjit,Development
243868,Bodoff,Fabrizio,Development
243881,Giveon,Collette,Sales
243891,Rodite,Shan,Sales
243923,Akiyama,Owen,Development
243931,Miara,Sanjit,Sales
243950,Argence,Lidong,Development
243955,Marchegay,Marjo,Sales
243968,Sidje,Abdelghani,Development
243981,Encarnacion,Dipankar,Development
244072,Demke,Chiranjit,Sales
244117,Chiodo,Dung,Development
244148,Heusch,Chikako,Sales
244177,Champarnaud,Tzu,Sales
244187,Peng,Gregory,Development
244188,Lanteri,Yuping,Sales
244196,Flowers,Leon,Development
244204,Prenel,Masato,Development
244209,Fiutem,Limsoon,Development
244260,Mandelberg,Sangeeta,Sales
244263,Rijckaert,Golgen,Development
244283,Manderick,Inderjeet,Sales
244301,Klerer,Hauke,Development
244316,Kuszyk,Khun,Sales
244323,Emmerich,Zhongwei,Sales
244330,Schwabacher,Matt,Development
244359,McAffer,Maria,Sales
244388,Perin,Tonny,Sales
244395,McConalogue,Oldrich,Development
244417,Diderrich,Krassimir,Development
244437,Rikino,Yinlin,Development
244451,Randt,Sushant,Development
244454,Morrow,Akeno,Development
244470,Wegerle,Mitsuyuki,Development
244477,Kabayashi,Youngkon,Development
244524,Monarch,Mabhin,Development
244566,Soloway,Jacopo,Development
244614,Matzel,Vasilis,Development
244628,Trogemann,Doowon,Development
244654,Katiyar,Suzette,Development
244671,Staudhammer,Chanjung,Development
244673,Antonakopoulos,Kokou,Development
244675,Barreiro,Aloys,Development
244677,Ruther,Gift,Development
244706,Georg,Macha,Development
244750,Kamble,Gaurav,Development
244753,Lanteri,Xumin,Development
244770,Chorvat,Katsuyuki,Development
244773,Zaiane,Mingdong,Development
244784,Matzen,Aris,Sales
244787,Talmor,Rosalyn,Sales
244791,Olivero,Kauko,Sales
244815,Streit,Remko,Development
244836,Cairo,Tianruo,Development
244847,Maierhofer,Tetsushi,Sales
244860,Salverda,Florina,Development
244863,Peres,Mohit,Development
244892,Huxford,Guther,Development
244903,Matzov,Shaz,Sales
244911,Sanella,Xudong,Sales
244937,Yoshimura,Christ,Development
244948,Masand,Marsha,Development
244958,Merks,Maja,Development
245022,Xiaoshan,Gen,Sales
245052,Gruenwald,Martina,Sales
245058,Wiegley,Shaowei,Sales
245062,Cyne,Jayesh,Development
245064,Dayana,Achilleas,Development
245065,Rosar,Ioana,Sales
245078,Sidje,Yishai,Development
245114,Demeyer,Matt,Development
245132,Hiroyama,Gaetan,Development
245180,Hoppenstand,Zorica,Sales
245186,Trelles,Marlo,Sales
245196,Chartres,Randi,Sales
245203,Hiroyama,Kenroku,Development
245257,Schiper,Bernardo,Development
245258,Erol,Arra,Sales
245264,Streng,Make,Sales
245268,Caine,Billie,Development
245273,Encarnacion,Tianruo,Development
245290,Hofmeyr,Guther,Development
245291,Srimani,Sachem,Development
245293,Segond,Heping,Development
245313,Crouzet,Kwangjo,Development
245318,Bugaenko,Ronnie,Sales
245350,Greibach,Tadanori,Development
245352,Mattern,Randi,Sales
245398,Berstel,Kazuhisa,Development
245412,Erni,Val,Sales
245425,Schieder,Licheng,Sales
245434,Gulla,Narain,Development
245441,Iwayama,Qunsheng,Development
245444,Mattern,Moie,Sales
245463,Rajcani,Chenye,Sales
245474,Matheson,Brewster,Development
245491,Krychniak,Tzu,Development
245498,Denti,Sahrah,Development
245528,Baumann,Kristinn,Sales
245584,Hofstetter,Hidefumi,Sales
245590,Honglei,Doowon,Development
245593,Perez,Shigeu,Sales
245595,Gaughan,Youjian,Development
245596,Rettelbach,Seshu,Development
245598,Remmers,Takanari,Sales
245611,Randi,Arup,Sales
245634,Hatcliff,Berry,Development
245642,Sommer,Kiyokazu,Development
245646,Steinauer,Gonzalo,Development
245719,Lowrie,Ayonca,Sales
245742,Lampe,Ohad,Sales
245756,Nitto,Munenori,Sales
245783,Swan,Hidefumi,Sales
245790,Alblas,Yongmao,Sales
245805,Perry,Shaz,Sales
245829,McConalogue,Valter,Development
245835,Back,Peternela,Sales
245837,Kermarrec,Poorav,Development
245880,Giveon,Valdiodio,Development
245882,Rosiles,Vasilis,Sales
245886,Herath,Frederique,Development
245889,Cappelli,Mohamadou,Development
245914,Swick,Shim,Development
245943,Spieker,Remmert,Development
245951,Lundstrom,Mohit,Development
245969,Kushner,Akhilish,Sales
245970,Perry,Marin,Development
245986,Gargeya,Reinhard,Development
245997,Rusterholz,Zhongwei,Sales
246005,Hanratty,Marke,Sales
246099,Redmiles,Teiji,Development
246101,Sherertz,Karoline,Sales
246134,Belinskaya,Nobuyoshi,Development
246140,Zschoche,Duangkaew,Sales
246149,Fargier,Guangming,Development
246155,Peak,Phillip,Sales
246161,Litvinov,Xudong,Sales
246165,Spinelli,Hironobu,Sales
246182,Heydon,Jahangir,Sales
246207,Piazza,Sumali,Development
246211,Baumann,Hein,Development
246224,Griswold,Kenton,Development
246249,Remmele,Jamaludin,Development
246253,Jansen,Neven,Sales
246264,Fargier,Stamatina,Sales
246273,Poulakidas,Uwe,Development
246295,Asmuth,Kwangyoen,Development
246320,Bage,Michaela,Development
246322,Staudhammer,Kazuhito,Development
246356,Pagter,Koldo,Development
246381,Peha,Feiyu,Sales
246446,Molenkamp,Arlette,Development
246482,Journel,Tsutomu,Sales
246498,Herber,Matt,Development
246505,Byoun,Hugo,Sales
246522,Ramras,Toshimi,Development
246546,Journel,Roded,Development
246559,Rissanen,Gian,Sales
246590,Panwar,Vesna,Development
246630,Markovitch,Adib,Development
246639,Schiettecatte,Sergi,Development
246655,Billingsley,Edwin,Sales
246658,Nitsche,Hatim,Development
246667,Gils,Toshimo,Sales
246692,Conti,Lansing,Sales
246717,Benzmuller,Sham,Sales
246756,Schwartzburd,Suvo,Sales
246757,Sury,Maik,Sales
246783,Garigliano,Sariel,Sales
246794,Rebaine,Marlo,Development
246812,Jonsson,Goa,Development
246817,Czaja,Taegyun,Development
246841,Heuter,Shichao,Development
246854,Gips,Roddy,Development
246858,Swist,Dannz,Development
246866,Carrera,Huican,Development
246873,Vilarrasa,Shaz,Development
246904,Armand,Carrsten,Sales
246919,Perin,Menkae,Sales
246930,Anguita,Kitty,Development
246947,Montemayor,Arvind,Development
246954,Nishimukai,Mack,Development
246959,Lindenbaum,Tomoyuki,Sales
246976,Markovitch,JoAnne,Development
247056,Figueira,Syozo,Sales
247084,Yurek,Collette,Development
247086,Mundy,Boaz,Sales
247104,Schnelling,Jinya,Sales
247135,Bage,Yaghout,Development
247136,Honiden,Shalesh,Development
247178,Olivero,Eckart,Development
247216,Bazzichi,Georg,Development
247220,Miyakawa,Aimee,Sales
247230,Nollmann,Kasturi,Sales
247242,Katiyar,Yuping,Sales
247250,Nittel,Thodoros,Development
247256,Reutenauer,Patricio,Sales
247284,Otillio,Gina,Development
247293,Gils,Marsja,Sales
247299,Whitcomb,Yinlin,Development
247312,Parfitt,Atreyi,Sales
247315,Lorho,Fei,Sales
247318,Baek,Sarita,Development
247322,Biran,Samphel,Sales
247332,Gerlach,Hugo,Development
247377,Bondorf,Yurij,Development
247400,Chappelet,Huei,Development
247402,Ermel,Mart,Sales
247408,Perez,Aamod,Development
247411,Hedayat,Anyuan,Sales
247427,Schaaf,Uinam,Development
247434,Horswill,Yoshinari,Sales
247472,Rossi,Mayuko,Development
247477,Kropp,Alenka,Sales
247501,Schlenzig,Sadegh,Development
247502,Iivonen,Yinlin,Sales
247518,Siprelle,Yefim,Development
247538,Verspoor,Fatemeh,Sales
247540,Murthy,Parviz,Sales
247577,Pileggi,Yuqun,Development
247590,Chinen,Venkatesan,Development
247634,Axelband,Shiv,Development
247645,Sundgren,Feiyu,Development
247689,Fadgyas,Gennadi,Development
247691,Oberman,Mechthild,Sales
247702,Vidal,Elzbieta,Development
247714,Swist,Vivian,Sales
247715,Scharstein,Harjit,Sales
247729,Morris,Filipp,Development
247763,Cincotta,Remzi,Development
247769,Melton,Vugranam,Development
247790,Apsitis,Goo,Development
247807,Azumi,Aemilian,Development
247817,Morrow,Chaoyi,Development
247827,Lund,Arif,Sales
247855,Yamaashi,Shao,Sales
247860,Ruther,Inderjeet,Sales
247863,Bugaenko,Pranav,Development
247872,Imataki,Ger,Sales
247878,Peha,Doohun,Sales
247880,Oxenboll,Saniya,Sales
247887,Preusig,Ashish,Sales
247900,Denis,Tuval,Development
247951,Rando,Heeju,Sales
247959,Piancastelli,Moni,Development
247963,Back,Charlene,Development
247967,Varker,Denny,Development
247968,Zweizig,Pintsang,Sales
248000,Thorensen,Turgut,Development
248012,Menhoudj,Shirish,Development
248023,Badache,Sverrir,Development
248038,Stellhorn,Golgen,Development
248063,Genther,Lidong,Development
248084,Renear,Noritoshi,Development
248087,Engelmann,Christoph,Development
248125,Rosaz,Golgen,Development
248214,Hennings,Kazuhito,Sales
248227,Spell,Zhiguo,Development
248230,Barvinok,Eberhardt,Development
248232,Rodiger,Hinrich,Sales
248233,Dayana,Annemarie,Development
248245,Ramaiah,Kwangyoen,Development
248268,Wendorf,Ger,Sales
248303,Hambrick,Subir,Development
248310,Ratnakar,Christophe,Development
248312,Bierman,Sanjit,Sales
248335,Tibblin,Gaetan,Development
248340,Dalphin,Maris,Development
248374,Speckmann,Dipankar,Development
248377,Luks,Felicidad,Development
248416,Ferretti,Lubomir,Development
248456,Brender,Jinpo,Sales
248462,Gecsei,Filipe,Development
248502,Vecchi,Sham,Development
248515,Swiler,Duro,Sales
248537,Cyne,Fumino,Development
248544,Murrill,Basim,Sales
248572,Fetvedt,Filipp,Sales
248632,Clemencon,Zijian,Sales
248640,Eiter,Jessie,Sales
248642,Shihab,Harjit,Development
248648,Schlenzig,Zhiwei,Development
248688,Zlotek,Percy,Development
248706,Azuma,Panayotis,Sales
248710,Hockney,Fabrizio,Sales
248719,Erol,Chenxi,Development
248733,Panangaden,Taiji,Development
248743,Bahr,Leif,Development
248755,Ranka,Kyoichi,Development
248765,Schaft,Vidar,Development
248820,Seiwald,Howell,Development
248826,Oxenboll,Jaana,Development
248859,Baar,Arvind,Sales
248860,Carrere,Sreenivas,Development
248885,Kieras,Xiong,Sales
248888,Thiran,Chikara,Development
248902,Esteva,Lihong,Sales
248905,Bakhtari,Sandeepan,Sales
248908,Peha,Adit,Development
248939,Ghelli,Paris,Sales
248950,Olivero,Arco,Sales
248957,Peyn,Tomokazu,Sales
248959,Noriega,Elrique,Sales
248965,Spinelli,Mack,Sales
248979,Pezzoli,Bezalel,Sales
248988,Wynblatt,Lokesh,Sales
248989,Giarratana,Radoslaw,Development
249003,Bondorf,Saniya,Development
249034,Ranum,Arun,Development
249052,Awdeh,Houman,Development
249078,Orlowska,Tremaine,Development
249094,Siepmann,Subhrajyoti,Development
249121,Turnbull,Pantung,Development
249170,Clouatre,Masaru,Development
249194,Gimbel,Yongmin,Development
249227,Chorvat,Manton,Development
249233,McAffer,Mara,Development
249261,Pettis,Gil,Sales
249265,Asmuth,Hitomi,Sales
249288,Marsiglia,Youngkon,Development
249306,Bahl,Sadok,Sales
249339,Coors,Seongbin,Development
249341,Reinhart,Miquel,Sales
249343,Zumaque,Radhika,Development
249355,Kalafatis,Manu,Sales
249369,Chinen,Lidong,Development
249390,Schusler,Utpal,Development
249394,Crabtree,Shiv,Development
249399,Eugenio,Aran,Development
249410,Comyn,Caolyn,Development
249411,Gulik,Kwan,Sales
249415,Noriega,Panayotis,Development
249417,DasSarma,Heng,Development
249453,Merle,Shim,Development
249468,Ibel,Yakkov,Sales
249479,Brodal,Pintsang,Development
249515,Carrera,Dinkar,Development
249525,Straney,Mokhtar,Sales
249528,Spataro,Bader,Development
249535,Camurati,Gopalakrishnan,Development
249548,Jiafu,Freyja,Development
249559,Flanders,Yuichiro,Development
249568,Crelier,Khosrow,Development
249591,Mersereau,Shaw,Development
249613,Onuegbe,Magy,Sales
249619,Selvestrel,Steve,Development
249642,dAstous,Yonghong,Development
249646,Boudaillier,Alper,Development
249654,Zizka,JoAnna,Sales
249663,Braccini,Xuedong,Sales
249666,Mitchem,Vishv,Development
249667,Walston,Shawna,Sales
249673,Klerer,Naraig,Sales
249696,Whitcomb,Elrique,Development
249697,Kuzuoka,Mario,Development
249708,Orlowski,Anoosh,Development
249711,Zambonelli,Georg,Sales
249720,Strehl,Dipayan,Sales
249729,Redmiles,Aiichiro,Development
249761,Hoppenstand,Mayumi,Development
249797,Snyers,Arra,Sales
249802,Pearson,Rasiah,Development
249805,Bazzichi,Kitty,Development
249819,Farrag,Suvo,Development
249822,Cairo,Sergi,Sales
249832,Peng,Khosrow,Development
249852,Schade,Ziya,Sales
249886,Rossi,Radhika,Development
249900,Janocha,Kasturi,Development
249904,Asmuth,Kazuhiro,Development
249907,Kumaresan,Odoardo,Development
249923,Frijda,Bowen,Development
249924,Bale,Remmert,Development
249947,Farrar,Arfst,Development
249958,Bergere,Marjo,Sales
249971,Tzvieli,Christoper,Development
249979,Pearson,Cullen,Development
250000,Landherr,Arch,Development
250006,Spataro,Deborah,Sales
250015,Coombs,DAIDA,Sales
250026,Cooke,Sigeru,Development
250030,Bail,Pramod,Development
250059,Masamoto,Naraig,Sales
250060,Kalsbeek,Ghassan,Sales
250068,Ghemri,Kyoichi,Sales
250080,Nitsche,Zhensheng,Development
250107,Doering,Zine,Sales
250141,Chenney,Brewster,Sales
250218,Zongker,Uriel,Development
250225,Beerel,Fuqing,Development
250228,Albarhamtoshy,Teiji,Development
250244,Muntz,Shunichi,Sales
250257,Huttel,Sachio,Development
250272,Birch,Khalil,Development
250303,Dulin,Xudong,Development
250331,Roohalamini,Vitaly,Development
250356,Pocchiola,Persi,Development
250369,Bolotov,Roded,Development
250376,Leijenhorst,Boutros,Sales
250389,Ouhyoung,Zeydy,Development
250418,Cools,Yannis,Sales
250419,Bottner,Greger,Development
250428,Reinhart,Shigeu,Development
250437,Gyorkos,Khedija,Sales
250454,Bardell,Paddy,Development
250464,Gimbel,Florian,Sales
250472,Yamaashi,Zhilian,Development
250473,Raoux,Miomir,Sales
250496,Gyorkos,Alper,Sales
250499,Aseltine,Arif,Sales
250516,Baig,Oddvar,Development
250528,Barvinok,Abdulla,Sales
250531,Panienski,Emdad,Sales
250532,Zongker,Masako,Sales
250554,Plesums,Sachio,Sales
250557,Mundy,Shigeo,Sales
250567,Lieberherr,Ayonca,Development
250580,Reinhart,Dietrich,Development
250598,Itschner,Kristinn,Sales
250612,Backhouse,Hidekazu,Sales
250616,Aumann,Suebskul,Development
250624,Oehlmann,Mayuri,Sales
250626,Huttel,Seongbin,Development
250629,Limongiello,Salvador,Development
250653,Giaccio,Hein,Development
250662,Baranowski,Hisao,Development
250685,Remmers,Mohammad,Development
250687,Decleir,Kensyu,Sales
250700,Hutter,Susumu,Sales
250708,Sichman,Chiranjit,Development
250714,Conte,Boaz,Development
250717,Ranon,Somnath,Development
250761,Velasco,Shigehito,Sales
250790,Veccia,Saeko,Sales
250794,Kinley,Munehiko,Sales
250799,Homond,Badri,Sales
250805,Vasanthakumar,Murthy,Development
250825,Perfilyeva,Christophe,Sales
250845,Turnbull,Takahira,Development
250851,Qiwen,Zongyan,Development
250854,Luders,LiMin,Development
250886,Busillo,Kagan,Sales
250971,Sankaranarayanan,Sarita,Sales
251000,Bennet,Reinhold,Development
251004,Nastansky,Kwangjo,Development
251005,Norsworthy,Tomokazu,Development
251070,Theuretzbacher,Genevieve,Sales
251079,Yamaashi,Munenori,Development
251085,Vecchio,Ronnie,Development
251092,Chenney,Adas,Development
251100,Itzigehl,Youssef,Sales
251103,Hofmeyr,Leif,Development
251130,Duclos,Makato,Development
251149,Serra,Uli,Development
251154,Picel,Zdislav,Development
251182,Dulli,Goh,Sales
251237,Miara,Cedric,Sales
251261,McAffer,Suzette,Sales
251262,Conry,Kensei,Development
251268,Morrey,Gor,Sales
251272,Heuser,Akeel,Development
251307,Cappelli,Sachio,Development
251318,Fendler,Pragnesh,Development
251367,Kabayashi,Werner,Development
251384,Cmelik,Sreekrishna,Sales
251404,Schapire,Ipke,Sales
251419,Frolund,TRUE,Development
251451,VanScheik,Adly,Development
251456,Raney,Tua,Sales
251464,Talmon,Junichi,Sales
251470,Mungall,Sadegh,Development
251472,Huxford,Anwar,Sales
251474,Kolvik,Anwar,Development
251478,Maquelin,Kamakshi,Development
251510,Junet,Margareta,Development
251524,Undy,Gully,Development
251541,Leivant,Jessie,Development
251565,Vuskovic,Gill,Sales
251591,Pietrzykowski,Shahar,Development
251596,Bodoff,Shaleah,Development
251603,Baar,Yunming,Sales
251608,Baby,Ult,Development
251618,Chachaty,Piyawadee,Development
251683,Klassen,Maris,Development
251685,McConalogue,Conal,Development
251692,Shanbhogue,Ferdinand,Sales
251720,Birke,Tadanori,Development
251739,Lichtner,Zhiguo,Development
251767,Borovoy,Pranjal,Development
251798,Oxenboll,Urs,Sales
251806,Chorvat,Zhiguo,Development
251812,Suomi,Doohun,Sales
251826,Ghalwash,Shimshon,Development
251839,Munoz,Nahum,Development
251851,Munawer,Yongmin,Development
251862,Molenaar,Kauko,Development
251877,Danecki,Bojan,Development
251883,Barreiro,Trygve,Sales
251903,Menhoudj,Fabrizio,Development
251921,Mellouli,Fusako,Development
251940,Conta,Tokuyasu,Sales
251947,Pluym,Jouko,Development
251959,Masand,Djelloul,Development
251961,Huxford,Lidong,Development
251963,Tasistro,Larisa,Development
251971,Demke,Harjit,Development
252004,Pettey,Kazuhisa,Development
252016,Czaja,Hatim,Sales
252021,Lammel,Hatim,Development
252023,Pleszkun,Kwangsub,Sales
252044,Syang,Yurii,Development
252058,Shiratori,Fusako,Sales
252070,Katalagarianos,Valeska,Development
252104,Reutenauer,Tommaso,Development
252138,Zaiane,Kiyotoshi,Development
252159,Shobatake,Collette,Development
252166,Avouris,Maja,Development
252189,Gomatam,Margo,Sales
252199,Cannard,Ute,Sales
252221,Camarinopoulos,Ortrun,Development
252230,Kusalik,Nitsan,Development
252235,Litzkow,Spyrose,Development
252260,Munos,Clyde,Development
252284,Koyama,Juichirou,Development
252312,Simmel,Gonzalo,Development
252313,Ellozy,Zijian,Sales
252317,Erie,Murthy,Sales
252368,Rabehasaina,Chenyi,Sales
252370,Range,Fumiyo,Development
252371,Montemayor,Basil,Sales
252407,Ritzmann,Shih,Development
252419,Bhattacharjee,Akemi,Development
252463,Lanteri,Remmert,Development
252477,Jahnichen,Khedija,Sales
252479,Tasistro,Aleksander,Development
252482,Billingsley,Zito,Development
252483,Karunanithi,Gennady,Development
252496,Polajnar,Alagu,Development
252497,Parascandalo,Urs,Development
252507,DiGiano,Rimli,Sales
252510,Akazan,Bedir,Development
252534,Magalhaes,Kenroku,Development
252543,Boguraev,Sachem,Development
252573,Guardalben,Rafael,Sales
252580,Stamatiou,Kensyu,Development
252603,Shrader,Bartek,Development
252653,Maraist,Sreenivas,Development
252696,Luft,Mart,Development
252701,Penttonen,Bernice,Development
252703,Beausoleil,Barna,Sales
252749,Yeung,Akhilish,Sales
252754,Peak,Yuguang,Development
252763,Aamodt,Felicidad,Development
252779,Cromarty,Mokhtar,Sales
252808,Leaver,Steen,Development
252825,Cannard,Premsyl,Sales
252862,Schicker,Shahab,Sales
252881,Wilharm,Marc,Development
252924,Bazzichi,Kazuhisa,Sales
252927,Veeraraghavan,Vitaly,Sales
252965,Emmerich,Shan,Development
252970,Herber,Mario,Development
252971,Pluym,Leon,Sales
252985,Ramsak,Giordano,Sales
252989,Wegerle,Stella,Development
252997,Reutenauer,Mamdouh,Development
253003,Lambe,Yannik,Development
253047,Manders,Hausi,Development
253066,Kugler,Faiza,Development
253094,Syrotiuk,Hugh,Sales
253100,Lindqvist,Arunachalam,Development
253126,Birta,Alejandro,Sales
253174,Henders,Hidekazu,Sales
253184,Riexinger,Mokhtar,Sales
253190,Kuszyk,Rosli,Development
253191,Jahnichen,Ottavia,Sales
253204,Matzke,LiMin,Development
253217,Honiden,Subhash,Sales
253225,Jarecki,Nevin,Development
253234,Fioravanti,Utz,Development
253249,Tiemann,Breannda,Sales
253265,Vakili,Jayesh,Sales
253266,Luft,Perry,Sales
253272,Uehara,Amalendu,Sales
253294,Cherinka,DeForest,Development
253315,Kusakari,Bartek,Development
253325,Ushiama,Kristine,Development
253340,Broder,Val,Development
253346,Hedayat,Parviz,Development
253354,Hofman,Takahito,Sales
253359,Terwilliger,Gadiel,Development
253402,Pavlopoulou,Guther,Development
253410,Polupanov,Teruyuki,Development
253415,Schwaller,Tran,Development
253417,Kalorkoti,Irene,Sales
253448,Hettesheimer,Luigi,Development
253457,Stasinski,Terresa,Development
253462,Sooriamurthi,Menkae,Development
253465,Munke,Rayond,Sales
253469,Zeleznik,Rafail,Development
253472,Kusakabe,Gianluca,Sales
253492,Carrere,Serge,Development
253501,Gladwell,Xinan,Development
253509,Kaminger,Karsten,Sales
253548,Malinowski,Felicidad,Sales
253556,Hanratty,Sarita,Development
253580,Suessmith,Duri,Development
253582,Dulli,Lalit,Development
253607,Rosaz,Uta,Development
253625,Pavlopoulou,Leif,Sales
253632,Bresenham,Pohua,Sales
253634,Bellone,Sakthirel,Development
253636,Itschner,Yucel,Sales
253648,Millington,Tesuya,Sales
253650,Loncour,Remzi,Development
253657,Selvestrel,Mrinalini,Development
253670,Conte,Sachin,Sales
253683,Egerstedt,Shaunak,Sales
253697,Nitto,Zeydy,Development
253727,Pargas,Fayez,Development
253733,Rissland,Jiang,Sales
253758,Calkin,Jouni,Development
253785,Smailagic,Eckart,Sales
253805,Fargier,Malu,Development
253820,Conry,Jeong,Development
253823,Casley,Gaurav,Development
253832,Foong,Jixiang,Development
253847,Suermann,Xiaobin,Development
253848,Einsfeld,Seongbae,Sales
253851,Smailagic,Piyush,Sales
253863,Maierhofer,Adam,Development
253866,Reinhart,Reinhard,Development
253909,Marakhovsky,Kshitij,Development
253914,DeMori,Syozo,Development
253917,Gaughan,Sachin,Development
253930,Moffat,KayLiang,Development
254003,Haumacher,Alenka,Sales
254016,Bierman,Danel,Development
254024,Ernst,Richard,Sales
254051,Plumb,Oscar,Development
254053,Benantar,Heeju,Development
254064,Baik,Yishai,Sales
254065,Azadmanesh,Kazunori,Development
254069,Nishimukai,Uli,Development
254070,Marwedel,Kenroku,Sales
254079,Iacovou,Iara,Development
254084,Fiebach,Visit,Development
254097,Ibel,Seongbae,Development
254117,Andreotta,Leen,Development
254203,Milicic,Rutger,Sales
254206,Asmuth,Tamiya,Sales
254212,Leijenhorst,Mayuri,Development
254223,Vieth,Geraldo,Sales
254236,Zastre,Ung,Development
254241,Wursthorn,Anneli,Development
254247,Furudate,Van,Sales
254279,Swen,Huiqun,Sales
254292,Eppinger,Pranas,Sales
254293,Pardalos,Stein,Development
254294,Benzaken,Shridhar,Development
254347,Schwaller,Zine,Development
254354,Angiulli,Martins,Development
254370,Schwartzburd,Khedija,Sales
254378,Ertl,Zdislav,Development
254401,Jervis,Valter,Development
254408,Pleszkun,Kiyokazu,Sales
254409,Gide,Dante,Development
254417,Selvestrel,Yurii,Sales
254454,Ponthieu,Uinam,Sales
254456,Openshaw,Sanjoy,Development
254459,Gadepally,Mart,Development
254460,Poujol,Duke,Sales
254464,Matteis,Kazuhito,Sales
254467,Honiden,Shounak,Development
254482,Sewelson,Ramachenga,Development
254499,Buescher,Hisao,Development
254516,Cannata,Aram,Development
254537,Papsdorf,Jianhua,Development
254552,Doering,Geoffry,Development
254625,Shrader,Stevo,Development
254667,Granlund,Zhiwei,Development
254699,Zumaque,Zsolt,Development
254706,Detkin,Sedat,Sales
254743,Hagimont,Divier,Development
254767,Merro,Khosrow,Development
254772,Marrakchi,Jaques,Sales
254789,Kropp,Mechthild,Sales
254798,Famili,Takanari,Sales
254814,Worfolk,Tsz,Development
254823,Streit,Serif,Sales
254851,Randi,Huiqun,Development
254861,Yamaashi,Alejandro,Development
254868,Bakhtari,Mohammad,Development
254869,Thummel,Shaz,Sales
254882,Bondorf,Arunas,Sales
254902,Sifakis,Etsuo,Development
254906,Baalen,Jessie,Development
254907,Boyle,Zhensheng,Sales
254925,Kobara,Sukumar,Sales
254950,Moffat,Sachar,Development
254957,Lores,Val,Development
254965,England,Ramya,Development
254985,Casperson,Maha,Development
255004,Coorg,Selwyn,Development
255007,Radhakrishnan,Vesna,Development
255010,Denis,Taiji,Development
255011,Gips,Howell,Development
255021,Crouzet,Ashish,Sales
255035,Erbe,Reinhold,Sales
255044,Conry,Kwee,Sales
255053,Bolsens,Urs,Development
255057,Angel,Ramya,Development
255059,Kawashima,Tse,Development
255087,Milicic,Gererd,Sales
255130,Krupka,Mooi,Sales
255143,Bierman,Jessie,Sales
255144,Perelgut,Pranjal,Development
255151,Reghbati,Rasiah,Sales
255157,Zlotek,Saeed,Development
255168,Ananiadou,Ziva,Sales
255175,Copas,Remmert,Development
255247,Seghrouchni,Taisook,Sales
255248,Pellegrinelli,Rosita,Development
255308,Gronowski,Francesca,Sales
255318,Thimonier,Uma,Sales
255346,Velardi,Zhonghua,Development
255356,Eastman,Mohan,Development
255357,Clouatre,Siddarth,Sales
255360,Klyachko,Jackson,Development
255361,Spell,Aamer,Development
255373,Hatcliff,Sajjad,Development
255397,Guenter,Augustine,Development
255403,Goldhammer,Yuqun,Sales
255407,Strehl,Brewster,Development
255424,Jenevein,Vishwani,Development
255433,Bennet,Keiichiro,Development
255456,Tibblin,Aleksandar,Sales
255464,Kragelund,Visit,Development
255499,Engelmann,Dannz,Sales
255517,Schade,Niranjan,Sales
255524,Androutsos,Munenori,Development
255556,Kavanagh,Hironoby,Development
255603,Taubman,Nevio,Development
255620,Tiemann,Mani,Sales
255649,Ligten,Leah,Development
255679,Garnick,Lansing,Sales
255717,Walstra,Hein,Sales
255768,Plavsic,Yuuichi,Sales
255773,Emden,Ingemar,Sales
255778,Rodier,Manton,Development
255795,Godskesen,Sashi,Development
255815,Jahnichen,Arlette,Sales
255828,Kilgore,Akemi,Development
255834,Biros,Brendon,Development
255835,Henders,Insup,Sales
255836,Nollmann,Pranjal,Development
255837,Neimat,Shigeo,Development
255844,Bamford,Vishv,Sales
255858,Marzano,Monique,Sales
255893,Showalter,Jordanka,Development
255902,Businaro,Elvia,Development
255908,Farris,Ashish,Development
255928,Czaja,Tiina,Development
255929,Bisiani,Feixiong,Sales
255934,Fabrizio,Mantis,Sales
255943,Cummings,Gao,Development
255961,Kopetz,Harngdar,Sales
255962,Malabarba,Selwyn,Development
255971,Beilner,Xianlong,Sales
255989,Couchot,Srinidhi,Development
255997,Cincotta,Ugo,Development
256028,Mandell,Barna,Development
256057,Khamsi,Shem,Sales
256061,Karner,Shiv,Sales
256099,Alencar,Kersti,Development
256113,Vecchio,Snehasis,Development
256149,Hiltgen,Tonia,Sales
256167,Kenevan,Mahendra,Development
256172,Arlazarov,Arvin,Development
256175,Tokunaga,Hidefumi,Development
256235,Halevi,Oguz,Sales
256241,Uludag,Brigham,Sales
256257,Marakhovsky,Lansing,Development
256277,Genther,Khaled,Sales
256289,Nittel,Joydip,Sales
256300,Garnier,Toshiko,Development
256320,Erva,Visit,Development
256324,Linnainmaa,Uri,Development
256341,Candan,Parke,Sales
256394,Tagansky,Takahiro,Development
256403,Mattern,Tua,Development
256408,Pollacia,Ortrud,Development
256440,Merey,Jenwei,Development
256461,Muniz,Khedija,Sales
256466,Brodie,Constantine,Sales
256480,Ghemri,Demos,Development
256503,Kirkerud,Weiyi,Development
256510,Fendler,Toshimori,Development
256521,Kampfer,Bangqing,Sales
256544,Gide,Nirmal,Development
256551,Peroz,Jaewoo,Development
256583,Servi,Fatemeh,Development
256596,Zeilberger,Aiman,Sales
256626,Fortenbacher,Yurii,Development
256629,Jiang,Toong,Development
256632,Vingron,Qunsheng,Development
256636,Hoppenstand,Mayuri,Development
256637,Madeira,Udi,Sales
256648,Binkley,Muzhong,Sales
256657,Baumann,Terresa,Sales
256661,Talmor,Moriyoshi,Development
256663,Highland,Xiaopeng,Sales
256664,Poupard,Alejandra,Sales
256682,Imataki,Troy,Development
256689,Braccini,Olivera,Development
256701,Veevers,Chikako,Development
256707,Bain,Breannda,Sales
256728,Huxford,Sajjan,Sales
256740,Vanwelkenhuysen,Marsal,Development
256743,Bhattacharjee,King,Development
256751,Morris,Boutros,Development
256769,Barbanera,Shiv,Sales
256772,Malinowski,Hiroyasu,Sales
256792,Merli,Kerryn,Sales
256834,Eickenmeyer,Guozhong,Development
256835,Hofstetter,Ranga,Development
256852,Tanemo,Shir,Sales
256858,Strooper,Fuqing,Development
256862,Juneja,Moheb,Sales
256866,Marshall,Yolla,Sales
256916,Anido,Suebskul,Development
256920,Salinas,Martial,Development
256956,Unno,Golgen,Development
256961,Farrar,Aksel,Development
256969,Keohane,Kazuhisa,Development
256993,Laurillard,Martijn,Development
257017,Rousseau,Margo,Development
257051,Norsworthy,Remzi,Sales
257078,Siepmann,Boaz,Development
257079,Wiegley,Serap,Sales
257086,Ghalwash,Xiaocheng,Development
257097,Zielinski,Sudharsan,Development
257127,Camarinopoulos,Itzchak,Development
257154,Vrecion,Kazuhiro,Sales
257189,Tischendorf,Arlette,Development
257205,Heydon,Menkae,Sales
257235,Suomi,Serap,Development
257262,Cusworth,Geraldo,Development
257268,Baek,Subbu,Development
257276,Schonegge,Eldridge,Sales
257300,Taubenfeld,Nimmagadda,Sales
257302,Steinauer,Breannda,Sales
257311,Cooke,Bernardo,Sales
257322,Veldwijk,Kotesh,Development
257357,Gomatam,Lidong,Development
257360,Otillio,Honglan,Sales
257369,Nannarelli,Prasadram,Development
257401,Scallan,Steve,Development
257409,Sanella,Yuuichi,Development
257416,Jullig,Elvis,Development
257432,Birjandi,Honglan,Development
257435,Krybus,Bangqing,Sales
257436,Dahlbom,Arlette,Sales
257455,Dratva,Maris,Sales
257505,Conta,Eran,Sales
257517,Speckmann,Salvador,Development
257533,Brookner,Suebskul,Development
257537,Segond,Souichi,Development
257597,Lueh,Munir,Sales
257617,Markovitch,Hideyuki,Development
257630,Neiman,Jongsuk,Sales
257640,Klyachko,Reinhard,Development
257659,Kadhim,Danae,Sales
257665,Gide,Keiichiro,Sales
257685,Szilard,Siamak,Development
257699,Zykh,Gad,Development
257705,Jumpertz,Takushi,Sales
257711,Gustavson,Kasidit,Development
257757,Buchter,Pranas,Development
257798,Samarati,Alselm,Development
257802,Vieri,Josyula,Development
257807,Bruckman,Shaowen,Development
257825,Strandh,Changho,Development
257860,Gill,Shahar,Development
257915,Noriega,Subir,Sales
257953,Alencar,Kwangyoen,Sales
257982,Zaccaria,Saeed,Development
257993,Azulay,Ronnie,Development
258003,Rubsam,Abdelghani,Sales
258009,Flanders,Renee,Development
258010,Birch,Boaz,Development
258061,Kakkar,Elvis,Development
258071,Jording,Herbert,Development
258084,Setia,Juichirou,Sales
258096,Mitchem,Shirish,Sales
258100,Manderick,Pranas,Development
258117,Halloran,Gila,Development
258140,Georgakopoulos,Boutros,Development
258159,Wynblatt,Ute,Development
258168,Pews,Junsik,Development
258187,Kitai,Sanjay,Development
258192,Wegerle,Tsuneo,Sales
258193,Calkin,Shaz,Development
258197,Ranka,Saeko,Development
258203,Skogmar,Kazuhiro,Development
258214,Picaronny,Sandeepan,Sales
258240,Clouatre,Sushant,Sales
258271,Peck,Mads,Development
258273,Maksimenko,JoAnna,Sales
258291,Bennet,Przemyslawa,Development
258295,Rosti,Susanna,Sales
258318,Remmele,Manibrata,Development
258371,Ciolek,Udi,Sales
258385,Vesna,Tsz,Sales
258386,Ozeki,Oscar,Development
258389,Hemaspaandra,Weiyi,Sales
258397,Khasidashvili,Diederik,Sales
258399,Journel,Kendra,Development
258411,Tchuente,Mihalis,Development
258487,Vingron,Vidya,Sales
258491,Vingron,Baziley,Sales
258496,Zultner,Serap,Sales
258507,Miculan,Nechama,Sales
258521,Pintelas,Felicidad,Sales
258551,Kroll,Arnould,Development
258554,Kossowski,Yonghong,Development
258563,Thorensen,Mantis,Development
258595,Baumann,Sadun,Sales
258606,Motley,Toshiko,Development
258609,Birge,Adit,Development
258621,Aloia,Arne,Development
258624,Swab,Dines,Sales
258627,Cools,Maris,Sales
258629,Yeung,Filipe,Development
258632,Slaats,Fei,Sales
258633,Feldhoffer,Annemarie,Development
258651,Compeau,Oscar,Development
258657,Choobineh,Denis,Development
258660,Zastre,King,Development
258671,Delgrossi,Weijing,Sales
258681,Brobst,Weijing,Development
258716,Rabehasaina,Shawna,Sales
258739,Toyoshima,Girolamo,Development
258777,Lieberherr,Manibrata,Sales
258786,Birsak,Huiqun,Development
258796,Hofstetter,Badri,Sales
258805,Gulak,Masaru,Development
258810,Sabnani,Ziva,Sales
258817,Hutton,Yuguang,Development
258827,Pusterhofer,Zhiguo,Sales
258842,Heiserman,Syozo,Sales
258850,Heuter,Werner,Sales
258861,Aamodt,Sigeru,Development
258863,Baig,Elvia,Development
258865,Dichev,Marlo,Development
258869,Billawala,Valeska,Development
258885,Rabejac,Arne,Development
258901,Keirsey,King,Development
258924,Stiles,Heekeun,Development
258927,Kragelund,Fumiya,Sales
258933,Karlin,Danae,Development
258935,Harllee,Moriyoshi,Development
258944,Hatcliff,Froduald,Development
258955,Pollock,Serenella,Sales
258968,Pokrovskii,Gil,Sales
258969,Brandsma,Jungsoon,Development
258973,Zultner,Dulce,Development
258992,Marakhovsky,Izaskun,Sales
259001,Nooteboom,Alassane,Development
259002,Cummings,Karlis,Sales
259019,Bahl,Paris,Development
259021,Redmiles,Maris,Sales
259041,Feldhoffer,Christoper,Development
259069,Rodite,Shirish,Development
259085,Puppe,Douadi,Sales
259096,Pavlopoulou,Yonghoan,Development
259102,Nitta,Jiong,Development
259103,Valiente,Shir,Sales
259104,Ponthieu,Masali,Sales
259116,Lunt,Eckart,Sales
259127,Grandbois,Masato,Sales
259140,Samarati,Anyuan,Sales
259150,Majewski,Kiyomitsu,Sales
259160,Badr,Marsha,Sales
259166,Krone,Masadi,Development
259182,Ozeki,Kellyn,Development
259194,Merli,Sandeepan,Sales
259202,Moehrke,Bodh,Development
259212,Boissier,Arif,Development
259216,Rindone,Angus,Development
259241,Setiz,Becky,Sales
259248,Hertweck,Chuanyi,Development
259259,Gist,Douadi,Sales
259277,Jansch,Sarita,Development
259310,Zastre,Pranav,Development
259311,Hofstetter,Menkae,Sales
259313,Aingworth,Masadi,Sales
259326,Perly,Sachar,Sales
259342,Seghrouchni,Serenella,Development
259360,Negoita,Kersti,Development
259382,Ushiama,Gurbir,Development
259391,Fiebach,Gadiel,Development
259405,Brookner,Yurij,Development
259410,Waleschkowski,Yechezkel,Development
259414,Daescu,Lena,Sales
259424,Dayana,Barun,Sales
259431,Gluchowski,Mitchel,Development
259440,Shumilov,Subir,Development
259443,Ramsay,Yongmin,Sales
259467,Majewski,Marit,Sales
259501,Zultner,Udi,Development
259506,Scharstein,Geraldo,Sales
259512,Arlazarov,Jinxi,Development
259517,Miyakawa,Tremaine,Development
259536,Verhoeff,Siamak,Development
259542,Quaggetto,Heekeun,Sales
259551,Coorg,Arup,Development
259586,Clouatre,Gill,Development
259609,Prochazka,Kristian,Sales
259613,Vesel,Ulf,Development
259644,Thibadeau,Karoline,Development
259660,Melter,Kristinn,Sales
259663,Casley,Masaki,Development
259665,Decaestecker,Zsolt,Development
259672,Lodder,Chinho,Sales
259679,Ishibashi,Jiong,Development
259687,Ratzlaff,Richard,Sales
259707,Perin,Rosella,Development
259716,Kolinko,Remzi,Sales
259722,Vendrig,Candida,Development
259731,Flasterstein,Masaki,Sales
259742,Panienski,Gladys,Development
259803,Zielinski,Kensyu,Sales
259841,Beausoleil,Pascal,Development
259850,Chiodo,Masaru,Development
259856,Camurati,Yuriy,Development
259859,Hooghiemstra,Miomir,Sales
259863,Siegrist,Jovan,Sales
259898,Angel,Lakshmi,Development
259900,Sanella,Taiji,Sales
259902,Pokrovskii,Elrique,Sales
259916,Demri,Tzu,Development
259917,Marletta,Isaac,Development
259949,Veeraraghavan,Marc,Development
259951,Beerel,Shir,Development
259958,DeMori,Vatsa,Development
259960,Thambidurai,Danae,Development
260000,Kalefeld,Sudhanshu,Development
260011,Falck,Rosalie,Sales
260018,Cherinka,Fumiyo,Sales
260037,Prochazka,Naraig,Development
260066,Guenter,Xinan,Sales
260082,Swan,Gina,Sales
260101,Ghazalie,Dhritiman,Sales
260126,Worfolk,Spyrose,Development
260144,Baja,Fun,Sales
260145,Rajcani,Lihong,Sales
260169,Codenie,Lokesh,Development
260193,Rassart,Maya,Development
260206,Waterhouse,Pranjal,Development
260234,Katzenelson,Gay,Development
260260,Sidhu,Sachin,Development
260273,McAlpine,Lillian,Development
260303,Sambasivam,Ferdinand,Development
260305,Gill,Jiong,Development
260317,Yeung,Shaibal,Development
260322,Lamparter,Arlette,Development
260331,Matteis,Niteen,Sales
260344,Marchesini,Sugwoo,Development
260359,Furudate,Kensyu,Development
260373,Ruther,Anestis,Development
260378,Basagni,Taisook,Development
260388,Diderrich,Abdelghani,Sales
260415,Broder,Lobel,Development
260417,Trachtenberg,Wuxu,Development
260418,Pezzoli,Alejandro,Development
260420,Senzako,Yurii,Sales
260423,Papadias,Debaprosad,Development
260427,Jervis,Munehiro,Development
260440,Kilgour,Ayonca,Development
260441,Gruenwald,Ennio,Development
260502,Jeong,Danco,Sales
260507,Lueh,Foong,Development
260516,Byoun,Hidekazu,Development
260529,Hofstetter,Nechama,Development
260541,Scharstein,Ute,Sales
260543,Decleir,Hatsukazu,Sales
260550,Birjandi,Ebru,Development
260551,Murtha,Alper,Development
260576,Junet,Tomokazu,Development
260581,Maliniak,Gritta,Sales
260612,Conte,Roded,Sales
260667,Weedon,Akemi,Development
260690,Tibblin,Kristin,Development
260693,Mungall,Oksana,Development
260700,Taubenfeld,Eishiro,Sales
260727,Billawala,Nalini,Sales
260729,Panienski,Jingling,Development
260764,Kalefeld,Honesty,Development
260766,Bouloucos,Gil,Development
260781,Walstra,Bangqing,Development
260790,Perfilyeva,Niteen,Development
260801,Gecsei,Jagoda,Development
260822,Simmen,Uta,Development
260824,Cooman,Aram,Development
260834,Tomescu,Khoa,Development
260838,Auyong,Mohammad,Development
260889,Streng,Mona,Development
260895,Templeman,Prasadram,Sales
260900,Karunanithi,Kankanahalli,Development
260911,Vecchio,Tru,Development
260915,Greenaway,Leen,Development
260920,Highland,Irena,Sales
260928,Undy,Barun,Development
260949,Oberman,Sudharsan,Sales
260981,Ermel,Reuven,Sales
260992,Etalle,Dietrich,Development
260994,Schonegge,Kazuhide,Development
261007,Jayawardene,Yakkov,Sales
261010,Nourani,Fei,Development
261030,Smeets,Thodoros,Sales
261053,Honglei,Uwe,Sales
261070,Zuberek,King,Development
261075,Esposito,Chandrasekaran,Sales
261102,Speckmann,Chaoyi,Sales
261109,Quadeer,Bogdan,Development
261127,Pena,Tremaine,Sales
261135,Noriega,Chriss,Development
261136,Joslin,Vishv,Sales
261139,Peltason,Candida,Development
261172,Luit,Katsuyuki,Sales
261194,Nitta,Nimmagadda,Development
261196,Kitsuregawa,Maya,Development
261226,Baby,Zhaofang,Sales
261245,Schusler,Shahab,Development
261249,Negoita,Gift,Development
261274,Serra,Mads,Development
261279,Sgarro,Ghassan,Sales
261298,Ventosa,Ottavia,Development
261321,Eldridge,Aram,Sales
261337,Leslie,Deniz,Sales
261359,Salverda,Weicheng,Development
261365,Asmuth,Feiyu,Sales
261385,Angel,Roddy,Development
261409,Cairo,Chiradeep,Sales
261446,Ligten,Erzsebet,Sales
261451,Gide,Randi,Sales
261456,Perelgut,Idoia,Development
261458,Swiss,Eberhardt,Development
261468,Covnot,Radoslaw,Development
261488,Engelmann,Vasiliy,Sales
261510,Ohori,Takahito,Development
261526,Munro,Fumiyo,Sales
261527,Butner,Arunachalam,Development
261532,Merro,Vatsa,Development
261546,Chenney,Sungwon,Sales
261548,Karunanithi,Gita,Sales
261569,Albarhamtoshy,Thodoros,Sales
261607,Gunderson,Billur,Development
261635,Ruther,Amalendu,Development
261644,Codenie,Stafford,Development
261645,Dalphin,Tonny,Development
261683,Parhami,Miomir,Development
261686,Perin,Kenton,Development
261695,Acton,Giri,Development
261700,Gronowski,Mamdouh,Development
261702,Kaltofen,Goa,Development
261729,Mawatari,Oldrich,Development
261754,Bala,Tzvetan,Development
261764,Viele,Kenton,Development
261801,Kinley,Van,Sales
261805,Veeraraghavan,Akeel,Development
261815,Zaumen,Makato,Development
261817,Kowalchuk,Guadalupe,Development
261826,Ulupinar,Martins,Development
261832,Klerer,Minghong,Development
261846,Farris,Phuoc,Development
261849,Makinen,Alselm,Development
261850,Nyrup,Brendon,Development
261856,Gente,Domenico,Sales
261862,Penn,Demin,Development
261866,Juneja,Michaela,Development
261874,Mandelberg,Elrique,Sales
261894,Versino,Nechama,Sales
261931,Delaune,Tianruo,Development
261960,Mahnke,Xinyu,Development
261962,Ramaiah,Boutros,Development
262006,Sherertz,Steve,Sales
262047,Thibadeau,Aksel,Development
262051,Cummings,Martien,Development
262053,Colorni,Hailing,Development
262057,Bojadziev,Dinah,Sales
262058,Heiserman,Akeno,Development
262115,Farris,Shao,Development
262168,Pews,Youjian,Sales
262178,Dalphin,Stein,Development
262184,Farrel,Trygve,Development
262216,Auria,Ennio,Sales
262233,Knightly,Vugranam,Development
262260,Lund,Ishfaq,Development
262271,Maliniak,Martina,Development
262296,Rindone,Harngdar,Development
262319,Barreiro,Mooi,Development
262323,Rodiger,Sugwoo,Development
262327,McFarlan,Nagui,Development
262333,Haumacher,Fayez,Development
262340,Deverell,Zengping,Sales
262348,Frezza,Aksel,Sales
262352,Reistad,Seongbae,Sales
262362,Birge,Arnd,Development
262368,Masamoto,Shir,Sales
262373,Koblitz,Sahrah,Development
262392,Majewski,Teiji,Development
262428,Gerlach,Changho,Sales
262441,Jording,Shmuel,Development
262451,Pokrovskii,Baoqiu,Development
262457,Collavizza,Stein,Development
262485,Danecki,Tsvetan,Development
262506,Fordan,Masamitsu,Sales
262511,Jansen,Fatemeh,Development
262521,Ratnakar,Susumu,Development
262549,Landherr,Yucel,Development
262550,Baranowski,Masako,Sales
262557,Barriga,Rosalie,Sales
262572,Srimani,Xiaobin,Sales
262591,Ramalingam,Vivian,Sales
262592,Limongiello,Danai,Development
262607,Buchter,Kendra,Sales
262611,Nitsche,Georgy,Development
262622,Taubman,Theron,Sales
262631,Egerstedt,Sverrir,Sales
262635,Syrzycki,Marit,Sales
262645,Ranum,Martins,Sales
262647,Heinisuo,Peer,Development
262663,Riexinger,Fumino,Sales
262673,Wixon,Kazuhira,Development
262677,Zumaque,Eishiro,Sales
262679,Gyimothy,Sahrah,Development
262687,Stanger,Kamakshi,Sales
262701,Melton,Sajjad,Development
262725,Schiettecatte,Miyeon,Development
262736,Waschkowski,Maris,Development
262755,Collette,Arunachalam,Development
262766,Meszaros,Hauke,Sales
262770,Kermarrec,Odysseas,Sales
262771,Lammel,Guttorm,Development
262801,Krider,Aamer,Development
262814,Coullard,Vasiliy,Development
262866,Morrow,Poorav,Development
262868,Seiwald,Arnould,Sales
262879,Zedlitz,Mostafa,Development
262882,Erdi,Hatsukazu,Development
262900,Egerstedt,IEEE,Development
262919,Gist,Naftali,Sales
262934,Gini,Breannda,Development
262959,Dulli,Phillip,Development
263000,Bale,Mayuko,Sales
263002,Bernatsky,Ramzi,Sales
263025,Ginneken,Idoia,Sales
263028,Homond,Kazuhiko,Development
263061,Jenevein,Xiaobin,Sales
263062,Piancastelli,Berto,Development
263070,Raney,Subhrajyoti,Development
263084,Ranai,Subhrajyoti,Development
263111,Avouris,Arup,Development
263116,Jullig,Baziley,Development
263122,Ranai,Hyuckchul,Development
263126,Hinsberger,Berry,Sales
263140,Iisaku,Abdulla,Sales
263142,Linares,Masaki,Sales
263143,Baca,Berhard,Development
263182,Garnham,Yongmin,Development
263196,Luck,Zhilian,Development
263209,Schieder,Howell,Development
263219,Pokrovskii,Hisao,Development
263223,Khalil,Hisao,Development
263234,Rassart,Xiaocheng,Sales
263235,Doering,Elgin,Development
263243,Giveon,Amstein,Sales
263248,Fiebach,Jeong,Development
263274,Engberts,Amalendu,Development
263292,Terekhov,Honesty,Development
263305,Luit,Arie,Development
263308,Ferriere,Rafail,Development
263354,Caine,Emdad,Sales
263362,Sridhar,Temple,Development
263366,Bolotov,Ewing,Development
263374,Farrar,Arnould,Development
263428,Falster,Subbu,Development
263435,Munke,Tran,Development
263467,Nilsson,Sverrir,Sales
263510,Bolotov,Deniz,Development
263517,Strandh,Remko,Sales
263525,Baek,Reinhard,Sales
263544,Baez,Kazuyasu,Development
263551,Uhrik,KayLiang,Sales
263569,Gips,Barun,Sales
263573,Anguita,Visit,Development
263587,Heydon,Suzette,Development
263590,Erev,Jinpo,Development
263599,VanScheik,Fen,Sales
263647,Hellwagner,Weidon,Development
263713,Bashian,Abdulla,Development
263714,Kleiser,Yagil,Sales
263735,Siksek,Magdalena,Sales
263738,Bressoud,Kazunori,Development
263777,Oppitz,Janche,Development
263790,Christ,Hauke,Development
263793,Mikschl,Shay,Development
263822,Ananiadou,Seongbin,Development
263824,Constantine,Yolla,Development
263829,Ohori,Jagoda,Development
263868,Koprowski,Chinhyun,Sales
263879,Carrere,Tianruo,Development
263887,Chinen,Pranas,Development
263892,Dymetman,Elzbieta,Sales
263913,Berstel,Sampalli,Sales
263947,Markovitch,Siamak,Development
263956,Schmiedel,Shaowen,Development
263985,Stifter,Tiina,Sales
263997,Begiun,Gita,Development
264013,Stifter,Baziley,Sales
264018,Lorcy,Djenana,Sales
264019,Barreiro,Ulises,Sales
264039,Smeets,Oscar,Sales
264081,Feldmann,Sadok,Development
264086,Deverell,Aris,Sales
264096,Valiente,Serenella,Development
264098,Rohrbach,Sverrir,Development
264099,Rettelbach,Toshimitsu,Development
264125,Thibadeau,Arnould,Sales
264128,Suomi,Guangming,Sales
264137,Serov,Wanqing,Development
264138,Garrabrants,Mara,Sales
264144,Cronin,Saeed,Sales
264151,Worfolk,Heather,Sales
264174,Brizzi,Jianwen,Development
264193,Desikan,Gererd,Sales
264198,Siprelle,Richard,Development
264200,Koblick,Almudena,Development
264201,Mahmud,Karlis,Development
264212,Lagarias,Salvador,Development
264234,Benzaken,Rayond,Development
264236,Papsdorf,Sadun,Development
264247,Rotem,Herbert,Development
264280,Lienhardt,Mohua,Development
264281,Halloran,Heather,Development
264292,Frolund,Boguslaw,Development
264308,Esteva,Suvo,Development
264311,Muniz,Christoper,Development
264327,Speer,Kristen,Development
264338,Garigliano,Luerbio,Development
264354,Lamparter,Sreekrishna,Sales
264356,McAlpine,Niteen,Development
264390,Waeselynck,Abdelghani,Sales
264428,McFarlin,JiYoung,Development
264435,Sudkamp,Ung,Sales
264445,Naumovich,Jamaludin,Development
264446,Kroha,Katsuo,Development
264494,Itzfeldt,Yolla,Sales
264495,Cyre,Manibrata,Development
264507,Brender,Barna,Development
264513,Kugler,Kazuhira,Development
264559,Mundy,Kiyotoshi,Development
264580,Rosis,Valeri,Development
264607,Sullins,Shaw,Development
264638,Melter,Kolar,Sales
264647,Rothenberg,Yannik,Development
264649,Benantar,Kwee,Sales
264662,Yetim,Zhonghui,Development
264667,Mitsuhashi,Uwe,Sales
264680,Businaro,Zissis,Sales
264688,Kobara,Jovan,Sales
264689,Rajcani,Sangeeta,Development
264717,McConalogue,Adel,Development
264731,Kriebel,Hitofumi,Development
264748,Penttonen,Qiwen,Sales
264750,DeMori,DAIDA,Development
264760,Dulin,Annemarie,Sales
264800,Collavizza,Ymte,Sales
264802,Kroll,Bluma,Development
264860,Munos,Menkae,Development
264884,Lambe,Berto,Development
264898,Ranum,Michaela,Development
264929,Esteva,Yuichiro,Sales
264945,Salinas,Baoqiu,Development
264951,Brobst,Jagoda,Sales
264955,Muniz,Souichi,Sales
264963,Luan,Harjit,Development
264968,Farrel,Collette,Development
264996,Avouris,Gian,Development
265021,Escriba,Demos,Development
265022,Erni,Ayakannu,Development
265072,Marzano,Udaiprakash,Sales
265108,Stiles,Arto,Development
265134,Ventosa,Ulf,Sales
265157,Aamodt,Narain,Sales
265201,Walstra,Lakshmi,Development
265203,Sudkamp,Debatosh,Sales
265249,Levergood,Jacqueline,Development
265268,Lally,Yoshinari,Sales
265276,Back,Toshiki,Development
265286,Mahmud,Inderjeet,Sales
265293,Hempstead,Herbert,Sales
265332,Szemeredi,Xiaoqiang,Development
265339,Camurati,Lijie,Development
265342,Iivonen,Tadahiro,Development
265377,Merle,Vasilii,Sales
265429,Juneja,Hatem,Development
265435,Garnham,Aleksander,Sales
265489,Koprowski,Mitchel,Development
265492,Baba,Mechthild,Development
265501,Cromarty,Paraskevi,Sales
265503,Picci,Djelloul,Development
265523,Daescu,Koldo,Sales
265527,Hiraishi,Olivera,Development
265544,Rosiles,Pasqua,Sales
265550,Bottner,Fun,Sales
265584,Vuskovic,Jayson,Sales
265595,Levergood,Tooru,Sales
265626,Pagter,Alagu,Sales
265635,Marakhovsky,Djelloul,Sales
265674,Sherertz,Xinglin,Development
265675,Chiola,Sachin,Development
265676,Monarch,Owen,Sales
265681,Atrawala,Marsal,Sales
265687,Ranta,Shuky,Development
265720,Otillio,Yucai,Sales
265733,Pelc,Adly,Sales
265762,Murrill,George,Development
265813,Businaro,Elliott,Sales
265855,Simmel,Mandell,Development
265870,Lamba,Zongyan,Sales
265872,Alblas,Reuven,Development
265874,Melter,Jixiang,Development
265903,Angelov,Abdelkader,Sales
265916,Bratsberg,Hausi,Development
265931,Borstler,Pohua,Development
265936,Kawashimo,Fun,Sales
265948,Budinsky,Weiru,Sales
265977,Tischendorf,Lene,Development
265979,Sevcikova,Guoxiang,Sales
265981,Georg,Taegyun,Sales
266012,Vieri,Satosi,Sales
266017,Spelt,Gift,Sales
266018,Cools,Masanao,Development
266024,Nergos,Shooichi,Development
266038,Chinin,Bodh,Development
266049,Delaune,Odysseas,Sales
266053,Szilard,Mario,Development
266075,Lovengreen,Makato,Development
266079,Ghemri,Adil,Development
266080,Maraist,Mari,Development
266082,Cichocki,Randi,Development
266089,Ranum,Arno,Development
266114,Marletta,Arvind,Development
266142,Bernini,Marco,Development
266147,Krichel,Lalit,Sales
266159,Uludag,Navid,Development
266173,Cannane,Arie,Sales
266177,Weedon,Marke,Development
266185,Perl,Kazuhiro,Sales
266199,Ferriere,Goetz,Development
266224,Terwilliger,Munehiko,Development
266238,Weedon,Sachar,Sales
266239,Schaar,Henk,Sales
266243,Borovoy,Lech,Sales
266261,Luon,Guenter,Sales
266275,Rosch,Greger,Sales
266282,Oppitz,Dung,Development
266315,Boguraev,Taisook,Sales
266333,Oppitz,Moss,Sales
266360,Kusalik,Ramya,Development
266377,Ranon,Fumitaka,Development
266389,Pauthner,Armond,Sales
266399,Rubsam,Breannda,Development
266406,Dalton,Duro,Sales
266467,Tiemann,Miquel,Development
266471,Birke,Quingbo,Sales
266484,Kakkar,Dhritiman,Development
266487,Boyle,Unal,Development
266500,Brickell,Hidekazu,Sales
266542,Bail,Shim,Sales
266547,Stassinopoulos,Kasturi,Development
266550,Rouquie,Yuriy,Sales
266607,Hopewell,Tran,Development
266615,Menhardt,Monique,Sales
266635,Speel,Miquel,Development
266643,Basawa,Tonia,Development
266647,Moffat,Domenick,Sales
266673,Schade,Stevo,Development
266708,Ariola,Nahid,Development
266709,Potthoff,Moie,Development
266729,Bellone,Nahid,Development
266731,Khamsi,Hugo,Development
266766,Solares,Stein,Development
266773,Veeraraghavan,Qingxiang,Development
266774,Vingron,Weiwu,Development
266828,Curless,Lobel,Sales
266847,Servieres,Noritoshi,Sales
266849,Asmuth,Gill,Sales
266853,Piancastelli,Hironobu,Development
266904,Jeong,Shalesh,Development
266922,Erde,Koldo,Sales
266934,Pavlopoulou,Guadalupe,Development
266939,Zobel,Chinhyun,Development
266959,Thiran,Valery,Development
266974,Bellone,Rafael,Development
267015,Bahk,Abdulah,Development
267032,Back,Mani,Development
267046,Kushner,Saeed,Development
267094,Kaelbling,Ymte,Sales
267103,Figueira,Bernice,Development
267104,Marciano,Ronghao,Development
267109,Kaminger,Mohua,Sales
267124,Bauknecht,Kwangsub,Sales
267128,Angiulli,Kaijung,Sales
267132,Gire,Subir,Development
267138,Auyong,Alair,Sales
267148,Coors,Fayez,Development
267170,Cheshire,Tzu,Sales
267178,Sinicrope,Licheng,Development
267198,Casperson,Przemyslawa,Sales
267230,Prampolini,Sanjiv,Development
267244,Reistad,Sadegh,Development
267246,Valiente,Leif,Development
267257,Sidhu,Somnath,Sales
267274,Kornyak,Munehiko,Sales
267282,Szmurlo,Guttorm,Development
267295,Fujisaki,Guiseppe,Sales
267299,Bisiani,Ennio,Development
267300,Panienski,Ugo,Development
267320,Genther,Haldun,Development
267328,Luders,Marsja,Sales
267333,Levasseur,Pranav,Development
267344,Ghemri,Otmar,Sales
267356,Sury,JoAnne,Development
267375,Birdsall,Koichi,Sales
267376,Peck,Randi,Development
267387,Ghemri,Mohammad,Development
267393,Makinen,Hironobu,Sales
267411,Aloia,Gio,Development
267452,Goldhammer,Hitofumi,Development
267467,Ramsak,Billur,Sales
267480,Koshiba,Xiaoqiu,Development
267484,Cardazo,Janalee,Development
267512,Collette,Arnould,Development
267527,Comte,Serenella,Development
267535,Maierhofer,Mototsugu,Development
267544,Honglei,Ingmar,Development
267556,Molenaar,Gita,Development
267575,Falster,Lalit,Development
267595,Redmiles,Sanjeeva,Development
267599,Niizuma,Youjian,Development
267619,Lienhardt,Zengping,Sales
267702,Tzvieli,Gritta,Sales
267703,Versino,Shushma,Development
267706,Rusterholz,Miomir,Sales
267707,Giveon,Tze,Development
267722,Cangellaris,Baruch,Sales
267750,Suppi,Sahrah,Development
267761,Berstel,Sham,Development
267770,Skrikant,Vitali,Sales
267781,Bade,Nathan,Sales
267796,Coors,Moie,Development
267807,Harnett,Weiye,Sales
267808,Whitcomb,Yahiko,Sales
267840,Benzaken,Jianhui,Development
267847,Ebeling,Apostol,Development
267854,Meszaros,Remko,Sales
267870,Silva,Genevieve,Sales
267891,Rajala,Rafail,Development
267906,Kaminger,Nectarios,Development
267923,Karnin,Valter,Sales
267932,Zaiane,Paraskevi,Sales
267945,Remmele,Along,Development
267946,Nyanchama,Candida,Sales
268009,Quadeer,Yolla,Development
268012,Fasbender,Rafail,Development
268014,Rosca,Hitomi,Development
268015,Waterhouse,Rajmohan,Development
268021,Waymire,Valeri,Sales
268054,Demos,Tonia,Development
268056,Speek,Lucian,Development
268108,Nitsche,Yonghong,Development
268123,Kulisch,Krister,Development
268138,Miara,Changho,Sales
268180,Baca,Alois,Development
268190,Ermel,Paddy,Sales
268204,Vakili,Nahid,Sales
268207,Baalen,Nigel,Sales
268211,Jansch,Sverrir,Sales
268292,Herbst,Ferdinand,Development
268294,Ressouche,Weiye,Development
268309,Hockney,Mrinalini,Development
268312,Kaiser,Tsvetan,Development
268313,Showalter,Arlette,Sales
268339,Jonsson,Sigeru,Development
268354,Gist,Temple,Sales
268355,Petereit,Gregory,Sales
268386,Bardell,Jiong,Development
268398,Zastre,Mircea,Sales
268405,Penz,Keiichiro,Development
268430,Avouris,Erez,Development
268436,Onuegbe,Phuoc,Development
268437,Naumovich,Toshiko,Development
268468,Ranze,Seongbin,Development
268480,Kropf,Apostol,Sales
268530,Mayerwieser,Aria,Development
268580,Matzov,Lucien,Development
268620,Kossowski,Leszek,Sales
268633,Litecky,Kshitij,Development
268656,Copas,Gaetan,Sales
268661,Zaccaria,Mohammad,Sales
268665,Panwar,Hyuckchul,Development
268667,Piazza,Munir,Sales
268698,Streng,Hercules,Development
268728,Kuszyk,Jouni,Development
268740,Zhang,Fumiya,Development
268778,Akazan,Guadalupe,Development
268779,Krichel,Mooi,Development
268848,Vandervoorde,Lene,Development
268859,Sridhar,Sailaja,Development
268863,Pleszkun,Sanjeeva,Development
268880,Strooper,Mary,Sales
268885,Portugali,Gila,Sales
268887,Calkin,Krister,Development
268901,Segond,Zengping,Development
268902,Krohm,Arup,Sales
268922,Bonifati,Eishiro,Sales
268938,Peltason,Kerhong,Development
268968,Wilharm,Van,Development
268969,Kermarrec,Lein,Sales
268981,Schusler,Miomir,Sales
268992,Genther,Basil,Sales
268999,Back,Persi,Development
269000,Krybus,Tadanori,Sales
269008,Emmart,Ranga,Sales
269019,Mundy,Vasiliy,Sales
269022,Gunderson,Masoud,Development
269029,Bouloucos,Fan,Sales
269030,Masada,Aruna,Sales
269041,Picaronny,Yahiko,Development
269066,Plavsic,Brigham,Development
269081,Besancenot,Tiina,Development
269093,Debuse,Unal,Development
269109,Goldhammer,Karlis,Sales
269117,Basart,Pranav,Sales
269126,Rodham,Jaroslava,Development
269127,Ishibashi,Poorav,Sales
269157,Asrin,Leaf,Sales
269161,Feldmann,Oksana,Development
269197,Undy,Kiyokazu,Development
269201,Thiran,Houman,Sales
269202,Rahier,Jagoda,Sales
269205,Junet,Fumitake,Sales
269216,Zweizig,Weijing,Sales
269237,Naudin,Maik,Sales
269252,Schwartzbauer,Behnaam,Sales
269268,Steinauer,Khatoun,Sales
269269,Buchter,Leucio,Sales
269270,Melton,Manohar,Sales
269271,Zizka,Boaz,Sales
269279,Staelin,Aria,Development
269285,Falco,Hsiangchu,Development
269286,Lamba,Sorina,Sales
269305,Prenel,Sergi,Development
269309,Pelz,Hatim,Development
269316,Luby,Bartek,Development
269359,Paludetto,Branimir,Development
269381,Peak,Hugh,Development
269385,Aumann,Fay,Development
269394,Noriega,Teiji,Development
269414,Khalil,Izaskun,Development
269423,Kolinko,Sajjad,Development
269441,Zschoche,Pradeep,Development
269443,Schaad,Ute,Development
269466,Baer,Khalil,Development
269501,Delaune,Udi,Sales
269534,Trogemann,Kwok,Development
269565,Rosar,Maik,Development
269570,Kermarrec,Eben,Sales
269592,Argence,Kauko,Development
269606,Pluym,Sadok,Development
269616,Apsitis,Yakkov,Development
269627,Rullman,Howell,Development
269641,Lamma,Ymte,Development
269672,Masaki,Xiaoheng,Development
269678,Coney,Richard,Development
269697,Weisert,Candido,Sales
269705,Soloway,Kensyu,Sales
269706,Wissmann,Berni,Sales
269715,Crelier,Ohad,Development
269725,Ranon,Sarita,Development
269726,Valiente,Goo,Development
269730,Ranft,Jordanka,Development
269758,Speckmann,Oldrich,Development
269775,Katzenelson,Kellie,Development
269779,Syang,Kazuhisa,Development
269802,Tiemann,Gregory,Sales
269811,Jansch,Khoa,Sales
269813,Egerstedt,Chaitali,Sales
269817,Savasere,Shigehito,Sales
269834,Erde,Wuxu,Sales
269854,Gente,Shih,Development
269865,Scharstein,Mohammed,Development
269873,Danner,Hidekazu,Sales
269877,Servi,Mads,Sales
269878,Oehlmann,Premal,Sales
269893,McAlpine,Tayeb,Sales
269913,Jervis,Alain,Sales
269918,Pelc,Stella,Sales
269922,Kakkar,Susanna,Sales
269923,Vadhan,Sanjiv,Sales
269924,Berstel,Francoise,Sales
269929,Clemencon,Lijia,Sales
269931,Cummings,Anneli,Development
269936,Bratsberg,Cathie,Sales
269943,Couchot,Arve,Development
269952,Kroha,Lijie,Development
269985,Kriebel,Mingsen,Sales
269988,Shimshoni,Giao,Development
269993,Comte,Taizo,Sales
270004,Keirsey,Annemarie,Sales
270006,Bolsens,Selwyn,Development
270020,Vendrig,Mahmut,Development
270039,Ecklund,Minghong,Sales
270044,Falck,Maren,Development
270052,Serna,Sanjay,Development
270058,Rodite,Oscal,Development
270065,Siksek,Domenico,Development
270087,Ranum,Kinh,Development
270095,Matzov,JoAnne,Development
270099,Rosaz,Krister,Sales
270106,Vanwelkenhuysen,Jeane,Development
270120,Gluchowski,Oguz,Development
270130,Ashish,Kayoko,Sales
270142,DuBourdieux,Xuejun,Sales
270151,Chiodo,Christoph,Sales
270154,Lortz,Perry,Development
270189,Cronau,Kitty,Sales
270259,Onuegbe,Christoper,Development
270304,Ramsak,Amabile,Development
270322,Zastre,Dannz,Development
270349,Herath,Kellyn,Development
270371,Capobianchi,Moon,Sales
270383,Boguraev,Marsha,Sales
270404,Minakawa,Gaurav,Sales
270409,Merlo,Yuchang,Development
270431,Setia,Cullen,Development
270448,Snedden,Becky,Development
270486,Schwabacher,Randy,Sales
270488,Genther,Augustine,Development
270492,Leonhardt,Achilleas,Development
270500,Heering,Alexius,Development
270510,Bazelow,Claude,Development
270521,Demos,Heekeun,Development
270527,Strandh,Hinrich,Sales
270585,Glinert,Anneke,Development
270596,Gien,Uriel,Sales
270599,Munck,Zeljko,Development
270634,Vakili,Akeel,Development
270649,Baik,Slavian,Development
270658,Beidas,Ewing,Development
270679,Cannata,JoAnne,Development
270695,Dahlbom,Marit,Sales
270721,Luby,Margo,Sales
270735,Beausoleil,Yucai,Sales
270737,Marsiglia,Xinyu,Development
270765,Flanders,Stafford,Sales
270784,Docker,Piyush,Development
270795,Diderrich,Domenico,Sales
270810,Braccini,Gonzalo,Sales
270820,Pettis,Nahid,Development
270838,Jiang,Yurij,Sales
270849,Matzel,Tamiya,Sales
270856,Anido,Claudi,Sales
270863,Huttel,Sibyl,Development
270874,Terlouw,Vitaly,Development
270875,Magalhaes,Tadahiro,Development
270877,Iwayama,Sariel,Sales
270888,Rodham,Dannz,Sales
270898,Tanemo,Arno,Sales
270913,Zallocco,Wojceich,Development
270915,Taubenfeld,Constantino,Development
270922,Rouquie,Aram,Development
270957,Oskamp,Foong,Development
270970,Picaronny,Jaroslava,Development
270988,Binding,Basant,Development
271008,Plotkin,Masaru,Development
271039,Colorni,Cedric,Development
271048,Cangellaris,Kristin,Development
271050,Koblick,Takushi,Sales
271053,Baby,Bernd,Development
271070,Kornatzky,Yannis,Development
271109,Bednarek,Vincent,Development
271143,Farris,Mizuhito,Development
271172,Heijenga,Chandrasekaran,Development
271175,Viele,Jeanna,Development
271179,Murrill,Jaewoo,Sales
271188,Stiles,Chanjung,Development
271190,Genther,Pradeep,Sales
271203,Poupard,Karoline,Development
271210,VanScheik,Lokesh,Development
271232,Demian,Ingmar,Development
271271,Seghrouchni,Yurii,Sales
271284,Barvinok,Jackson,Development
271300,Curless,Gilbert,Sales
271311,Gargeya,Christ,Sales
271319,Rosin,Hideo,Sales
271330,Werthner,Phillip,Development
271369,Peak,Zhenbing,Development
271380,Dahlbom,LiMin,Development
271383,Syang,Nishit,Development
271385,Sgarro,Abdelwaheb,Sales
271429,Gustavson,Mostafa,Sales
271451,Leijenhorst,Bluma,Sales
271477,Whittlesey,Naftali,Development
271480,Cooley,Arumugam,Sales
271497,Bojadziev,Salvador,Development
271532,Heering,Bilhanan,Sales
271536,Henders,Luisa,Development
271541,Cronau,Vidya,Sales
271545,Negoita,Temple,Sales
271550,Menhardt,Mats,Sales
271560,Papastamatiou,Mohan,Sales
271572,Jahnichen,Xiong,Development
271575,Tsunoo,Karoline,Development
271605,Yemenis,Demin,Development
271607,Pezzoli,Augustine,Development
271611,Raczkowsky,Vitaly,Development
271630,Peac,Fai,Sales
271631,Litecky,Ravishankar,Development
271644,Peroz,Pranav,Development
271645,Besselaar,Roddy,Development
271676,Herath,Ottavia,Sales
271679,Ladret,Shaz,Sales
271703,Flowers,Debatosh,Sales
271720,Cronan,Martijn,Development
271801,Bernardeschi,IEEE,Development
271803,Dichev,Tru,Sales
271847,Takanami,Valdiodio,Sales
271867,Aloia,Chenye,Sales
271915,Anandan,Zhenbing,Development
271918,Cronau,Giri,Development
271942,Borstler,Uta,Development
271969,Heystek,Ranan,Development
271976,Kuhnemann,Mary,Sales
271980,Angel,Shigenori,Sales
271997,Koshiba,Werner,Sales
272009,Woycyznski,Deborah,Development
272032,Zschoche,Ronghao,Development
272089,Makrucki,Reuven,Development
272094,Mamelak,Uli,Sales
272104,Koshino,Paris,Development
272109,Famili,Kellyn,Sales
272118,Ertl,Shigehiro,Development
272119,Businaro,Akhilish,Development
272146,Tramer,Tommaso,Development
272188,Luck,Vasilii,Sales
272214,Alpin,Yurij,Development
272228,Stanger,Miquel,Development
272230,Peternell,Kwangsub,Development
272239,Falster,Weiwu,Development
272241,Litzkow,Zorica,Development
272251,Grospietsch,Larisa,Development
272296,Bennet,Duro,Development
272309,Waeselynck,Tadahiro,Development
272317,Luga,Zhiguo,Sales
272322,DuCasse,Shrikanth,Development
272324,Feinberg,Toshiko,Sales
272344,Vesna,Mamdouh,Sales
272372,Tsunoo,Bernice,Development
272400,Andreotta,Nishit,Sales
272418,Versino,Golgen,Sales
272438,Litecky,Tonia,Sales
272463,Ranka,Constantijn,Sales
272486,Gide,Anneke,Development
272498,Keohane,Mansur,Development
272502,Wiegley,Uwe,Development
272520,Gomatam,Shigehito,Development
272538,Hiroyama,Masoud,Sales
272541,Bade,Arie,Sales
272543,Karunanithi,Feiyu,Development
272544,Malinowski,Yefim,Sales
272550,Cmelik,Katsuyuki,Development
272555,Birnbaum,Atreye,Development
272575,Pfau,Iara,Development
272577,Glinert,Mark,Development
272625,Roccetti,Hitomi,Sales
272631,Liesche,Jianhua,Development
272637,Greibach,Remzi,Sales
272648,Belinskaya,Jungsoon,Development
272653,Bernardinello,Mack,Development
272657,Rusmann,Vincent,Development
272670,Schmittgen,Shigeichiro,Sales
272681,Matheson,Jaewon,Sales
272685,Trachtenberg,Emdad,Sales
272693,Douceur,Shichao,Development
272704,Laurillard,Noritoshi,Development
272712,Heering,Utpal,Development
272726,Eppinger,Marsha,Sales
272727,Shiratori,Adam,Development
272763,Zambonelli,Heekeun,Development
272766,Kilgore,Bodh,Development
272780,Lemarechal,Neven,Sales
272781,Shinomoto,Kwan,Development
272816,Litvinov,Gita,Sales
272818,Eiron,Mong,Development
272832,Zizka,Nahid,Development
272848,Silva,Kazuhira,Sales
272861,Angelopoulos,Gonzalo,Development
272873,Thibadeau,Vitaly,Development
272897,Erde,Gila,Sales
272930,Hoogerwoord,Sasan,Sales
272943,Gewali,Temple,Sales
272947,Basawa,Kirk,Sales
272958,Chepyzhov,Marc,Development
272975,Armand,Sungwon,Development
273002,Middleton,Guiseppe,Development
273015,Blokdijk,Parviz,Sales
273032,Miyakawa,Jongsuk,Development
273067,Barinka,Matk,Sales
273083,Vitiello,Kazuhito,Development
273108,Murtafg,Zhiguo,Development
273129,Whitcomb,Sumant,Sales
273138,Rebaine,Mizuhito,Sales
273144,Leivant,Vasilii,Sales
273177,Eickenmeyer,Shao,Development
273198,Conti,Martijn,Development
273201,Molenkamp,Feipei,Development
273225,Zolotykh,Jeong,Development
273234,Pettis,Moto,Development
273255,Haumacher,Neven,Development
273293,Gornas,Koldo,Development
273298,Claffy,Gennady,Development
273304,Melichar,Conrado,Development
273326,Gulik,Aksel,Sales
273367,Munawer,Shalesh,Development
273400,Hegner,Berni,Development
273429,Lovengreen,Abdulah,Development
273448,Fairtlough,DAIDA,Development
273477,Validov,Shaowen,Development
273532,Bonifati,Sivanarayana,Sales
273547,Melichar,Mohammed,Development
273561,McAffer,Susanne,Development
273563,Ohori,Shaz,Development
273565,Billawala,DeForest,Development
273568,Kilgore,Mizuhito,Sales
273578,Saoudi,Giao,Sales
273596,Schwartzburd,Wuxu,Development
273601,Seiwald,Anwar,Development
273617,Nyanchama,Theron,Sales
273631,Perfilyeva,Richara,Sales
273658,Lipner,Jaana,Sales
273718,Nitto,Padma,Development
273721,Wegerle,Kazuhisa,Sales
273723,Llado,Basem,Development
273740,Cannata,Youpyo,Sales
273742,Armand,Rildo,Development
273754,Chartres,Kristin,Sales
273771,Perri,Sudhanshu,Development
273778,Landherr,Maik,Sales
273783,Vesna,Geoffrey,Development
273795,Lorho,Jianhao,Development
273798,Gyimothy,Katsuo,Development
273831,Farrar,Kousuke,Sales
273848,Brodal,Yolla,Development
273867,Leaver,Arch,Development
273878,Cannard,Subhada,Sales
273881,Klerer,Stamatina,Development
273894,Giaccio,Shalesh,Sales
273933,Parfitt,Sreenivas,Sales
273941,Janocha,Wonhee,Development
273952,Braccini,Nahla,Development
273964,Ratnaker,Nathan,Development
273987,Halloran,Emran,Development
273997,Braunschweig,Yechiam,Sales
274017,Fortenbacher,Mona,Sales
274052,Hempstead,Monique,Development
274084,Luon,Bernice,Development
274087,Olano,Mari,Development
274106,Herber,Leon,Sales
274119,Narwekar,Hugo,Development
274152,Krupka,KayLiang,Development
274168,Clouatre,Kensyu,Development
274181,Fortenbacher,Yechezkel,Sales
274197,Randi,Geoffrey,Sales
274202,Christ,Guoxiang,Development
274251,Kadhim,Heon,Sales
274254,Saoudi,Sushant,Development
274272,Conia,Persi,Development
274278,Oberman,Horward,Development
274282,Bernatsky,Saeko,Sales
274290,Birke,Tsuneo,Development
274319,Gammage,Sanjay,Development
274348,Siksek,Cheong,Development
274360,Oskamp,Shuzo,Development
274380,Motley,Christoper,Sales
274397,Wendorf,Rimli,Sales
274413,Valtorta,Stamatina,Development
274436,Zockler,Brewster,Sales
274441,Denis,Marla,Sales
274463,Glowinski,Uli,Development
274468,Gurbaxani,Gaurav,Sales
274473,Bhattacharjee,Rutger,Development
274492,Zeilberger,Malu,Sales
274496,Boguraev,Danae,Development
274508,Vickson,Rosli,Sales
274511,Pews,Stafford,Development
274534,McClurg,Freyja,Development
274543,Marrakchi,Teruyuki,Sales
274554,Rattan,Sakthirel,Development
274563,Serre,Masaki,Development
274574,Bharadwaj,Chirstian,Sales
274585,Itzfeldt,Aleksandar,Sales
274625,Assaf,Fatemeh,Sales
274627,Cooke,Ibibia,Development
274645,Liedekerke,Yannis,Development
274683,Strooper,Elrique,Development
274696,Armand,Hailing,Development
274701,Thummel,Yuping,Development
274704,Rothe,Masanao,Sales
274706,Thimonier,Xiaoqiu,Sales
274735,Haldar,Noritoshi,Sales
274742,Demos,Sadok,Development
274743,Driscoll,Irena,Sales
274754,Peternell,Eberhardt,Development
274761,Milicia,Jianwen,Development
274785,Krohn,Sandeepan,Sales
274809,Jayawardene,Taiji,Development
274816,Minakawa,Shigehiro,Sales
274833,Krohm,Chikako,Development
274845,Schaad,Satoru,Development
274856,Weedman,Fayez,Sales
274875,Erbe,Teruyuki,Development
274903,Crooks,Fusako,Sales
274904,Auria,Makato,Development
274910,Braccini,Parke,Sales
274927,Delgrande,Amstein,Development
274932,Schmiedel,Mikhail,Sales
274971,Kitsuregawa,Alper,Development
274980,Slobodova,Sahrah,Sales
274983,Gecsel,Shahab,Development
274984,Marshall,Tesuya,Sales
274991,Gide,Xinyu,Sales
275001,Mitina,Katsuo,Sales
275011,Wallrath,Leen,Sales
275022,Yoshimura,Lansing,Sales
275070,Maccarone,Yongdong,Development
275074,Akaboshi,Eran,Development
275083,Kopetz,Pranjal,Development
275088,Kieras,Hilary,Development
275110,McConalogue,Pradeep,Development
275120,Aamodt,Jaideep,Sales
275144,Varman,Taegyun,Development
275181,Kriebel,Yuchang,Development
275190,Lanphier,Phuoc,Sales
275194,Shobatake,Doowon,Development
275225,Luce,Mong,Sales
275257,Yavatkar,Kasidit,Development
275283,Ozery,Xiaopeng,Development
275285,Aingworth,Mana,Development
275288,Sommen,Sadegh,Sales
275296,Francisci,Halsur,Development
275319,Vadhan,Mani,Sales
275337,Matzke,Ortrud,Development
275367,Hebert,Maren,Sales
275386,Lortz,Parke,Sales
275394,Karner,Ferdinand,Development
275421,Cooley,King,Sales
275449,Lambe,Ronghao,Development
275460,Egerstedt,Zine,Development
275466,Puoti,Danco,Development
275477,Vigier,Prasadram,Development
275479,Ratnakar,Georgi,Sales
275504,Bahi,Aluzio,Development
275533,Muhling,Takanari,Sales
275570,Streit,Masaru,Development
275588,Peak,Xumin,Development
275593,Androutsos,Jaques,Development
275599,Cichocki,Toshimi,Development
275603,Rehfuss,Siddarth,Development
275620,Yetim,Arunas,Development
275622,Emiris,Ennio,Development
275639,Claffy,Kasturi,Sales
275675,Shanbhogue,Hitomi,Development
275692,Soloway,Arfst,Sales
275703,Unni,Panayotis,Development
275739,Snyers,Patricio,Sales
275751,Restivo,Pohua,Sales
275755,Comyn,Yagil,Sales
275767,Varker,Uinam,Sales
275792,Camarinopoulos,Martine,Development
275798,Gente,Anneke,Development
275803,Erdmenger,Jaroslava,Development
275809,Karlin,Leni,Development
275847,Streng,Fay,Development
275851,Glowinski,Panayotis,Sales
275854,Kavraki,Szabolcs,Development
275865,Fritzsche,Joydip,Development
275880,Picaronny,Geraldo,Sales
275908,Ratnaker,Bodo,Development
275930,Rosis,Nagui,Development
275947,Shinomoto,Dinah,Development
275954,Luan,Shahid,Development
275964,Shrader,Dines,Development
275980,Ponthieu,Mostafa,Sales
275988,Kamber,Teiji,Sales
276006,Iisaku,Gurbir,Sales
276010,Baig,Khoa,Development
276044,Whitcomb,Atreye,Development
276046,Hartvigsen,Sanjai,Sales
276053,Lyonns,TRUE,Sales
276058,Tchuente,Shiv,Development
276063,Khalil,Tsvetan,Development
276072,Bael,Youjian,Sales
276079,Brlek,Jessie,Sales
276089,Goldhammer,Achilleas,Development
276091,Halevi,Szabolcs,Sales
276143,Hedayat,Vishv,Sales
276153,Copas,Kazuhito,Sales
276173,Krychniak,Snehasis,Development
276177,Rettelbach,Augustine,Development
276178,Gerlach,Jacqueline,Development
276179,Matteis,Stein,Development
276240,Kitsuregawa,Aamod,Development
276258,Denis,Ulf,Sales
276273,Kushnir,Anyuan,Development
276289,Gilg,Yuchang,Sales
276314,Demke,Evgueni,Development
276327,Kadhim,Lijie,Development
276344,Vieri,Mana,Development
276359,Soicher,Honesty,Development
276360,Gerlach,Berry,Development
276370,Menhoudj,Kshitij,Development
276389,Hofman,Van,Sales
276416,Ishibashi,Moon,Sales
276451,Riefers,Xiaoqiu,Sales
276455,Awdeh,Remko,Sales
276468,DuCasse,Rosalie,Sales
276475,Passino,Susanne,Development
276484,Flasterstein,Limsoon,Development
276494,Ermel,Xiaopeng,Development
276502,Segond,Indrajit,Sales
276515,Granlund,Hercules,Sales
276517,Matzke,Kitty,Development
276531,Litvinov,Michaela,Sales
276576,McClurg,Guadalupe,Sales
276578,Luff,Sibyl,Sales
276612,Rothe,Xuejia,Development
276632,Menyhert,Otmar,Sales
276633,Birdsall,Shin,Sales
276648,Tetzlaff,Mokhtar,Sales
276657,Wrigley,Reinhold,Sales
276670,Hegner,Vasilis,Development
276683,Shackel,Jingling,Development
276685,Piveteau,Pradeep,Sales
276722,Verhoeff,Uzi,Sales
276741,Colorni,Ramya,Development
276766,Axelband,Mircea,Sales
276768,Chinal,Barry,Sales
276781,Merle,Atreye,Development
276800,Remmele,Honglan,Sales
276837,Farrag,Gina,Development
276844,Peltason,Elzbieta,Sales
276850,Belinskaya,Malu,Sales
276854,Rattan,Kamran,Development
276890,Katalagarianos,Tamiya,Development
276918,Garnham,Yongqiao,Development
276954,Matteis,Shahaf,Sales
276961,Birnbaum,Tomoyuki,Development
276971,Kropp,Abdulah,Development
276981,Perfilyeva,Danai,Development
276993,Macedo,Rasikan,Development
277019,Cherinka,Toshimi,Sales
277029,Bade,Fumiyo,Development
277033,Thorelli,Paloma,Development
277038,Oberman,Ottavia,Development
277127,Luby,Kirk,Development
277130,Passino,Bojan,Sales
277144,Munck,Vishv,Sales
277153,Lindenbaum,Giap,Development
277187,Shinomoto,Arlette,Sales
277205,Pokrovskii,Candida,Development
277235,Ashish,Ayakannu,Sales
277248,Erni,Barna,Sales
277252,Gurbaxani,Sampalli,Development
277276,Figueira,Marsha,Development
277281,Lieberherr,Shahar,Development
277290,Kalefeld,Masali,Development
277302,Shokrollahi,Rosli,Development
277328,Yurek,Mooi,Development
277331,Ghalwash,Uno,Development
277351,Ramsey,JiYoung,Development
277358,Brizzi,Sahrah,Development
277361,Nilsson,Cedric,Development
277376,Unno,Indrajit,Sales
277418,Terekhov,Kasidit,Development
277473,Azevdeo,Petter,Sales
277501,Lupu,Sastry,Development
277503,Gomatam,Eberhardt,Sales
277523,Fabrizio,Yuqun,Development
277580,Schaar,Jaques,Development
277588,Guerreiro,Kensei,Sales
277608,Pettis,Vasilis,Sales
277612,Flowers,Lokesh,Sales
277633,Solares,Rimli,Sales
277655,Setia,Kien,Development
277661,Bednarek,Hilari,Development
277695,Baaleh,Panayotis,Development
277707,Muntz,Oguz,Development
277745,Suppi,Fay,Sales
277764,Schaap,Ferdinand,Development
277784,Pfau,Jacqueline,Development
277788,Syang,Zijian,Development
277789,Aloisi,Katsuyuki,Development
277804,Kolvik,Chikara,Development
277853,Bale,Manibrata,Sales
277854,Levergood,Shem,Development
277886,Yeung,Vishv,Development
277909,Boyle,Supot,Development
277916,Cullers,Satoru,Development
277928,Pettey,Uma,Development
277932,Xiaoshan,Rimli,Development
277954,Gornas,Maren,Sales
277965,Murillo,Luigi,Sales
277996,Straney,Naftaly,Sales
278003,Melichar,Mohit,Development
278008,Merle,Krassimir,Sales
278024,Sridhar,Guangming,Sales
278031,Chandrasekhar,Marco,Sales
278053,Heystek,Bernardo,Development
278058,Gide,Gao,Development
278065,Bade,Shigehito,Development
278095,Merel,Nagui,Sales
278112,Ginneken,Paddy,Sales
278134,Crouzet,Sorina,Sales
278139,Merli,Susanna,Development
278181,Foong,Selwyn,Development
278189,Gunderson,Yinlin,Development
278215,Zaccaria,Ottavia,Sales
278232,Sanella,Krassimir,Sales
278290,Millington,Shigeaki,Development
278353,Kalsbeek,Junichi,Sales
278360,Bottner,Gregory,Sales
278379,Braunmuhl,Iara,Development
278413,Fasbender,Seshu,Development
278486,Maraist,Aiichiro,Sales
278495,Erdi,Gilbert,Development
278508,Improta,Mansur,Sales
278519,Reinhart,Akhilish,Development
278524,Highland,Shichao,Development
278541,Chaudhuri,Yuichiro,Development
278608,Angel,Reuven,Development
278619,Denis,Malu,Sales
278644,Azevdeo,Muzhong,Development
278696,Melichar,Mara,Sales
278727,Beutelspacher,Shakhar,Development
278736,Glinert,Shahar,Sales
278743,Reutenauer,Poornachandra,Development
278763,Iisaka,Kiyokazu,Development
278764,Lueh,Koichi,Sales
278768,Oxman,Koichi,Development
278806,Erdmenger,Kwee,Development
278825,Delgrossi,Jiakeng,Development
278828,Rosin,Stabislas,Development
278860,Emiris,Fay,Development
278886,Escriba,Divier,Sales
278918,DiGiano,Sadun,Development
278938,Cesareni,Laurentiu,Development
278954,Gerlach,Gritta,Development
278955,Lambe,Sachin,Development
278993,Peha,Monique,Development
278995,Dalton,Shigehiro,Sales
279009,Brookman,Taiji,Sales
279018,Mellouli,Constantino,Development
279029,Adachi,Christ,Development
279049,Roisin,Kamakshi,Sales
279059,Azadmanesh,Mang,Development
279093,Farrag,Turgut,Sales
279118,Ramamoorthy,Remko,Sales
279134,Lorch,Manu,Sales
279143,Krohm,Marl,Development
279187,Millington,Karsten,Sales
279201,Stiles,Udo,Development
279207,Birch,Zorica,Development
279216,Kamber,Debaprosad,Development
279226,Gopalakrishnan,Isaac,Sales
279288,Masand,Patricio,Sales
279300,Bondorf,Tomokazu,Development
279308,Kopetz,Ziva,Development
279316,Chinin,Foong,Development
279332,Yeung,Niteen,Development
279336,Bonifati,Moss,Development
279338,Hiltgen,Sreekrishna,Sales
279343,Munawer,Mayuko,Development
279386,Verspoor,Parto,Sales
279397,Karcich,Elvis,Sales
279404,Litvinov,Gladys,Sales
279422,Perfilyeva,Mizuhito,Development
279433,Billawala,Tetsurou,Sales
279435,Wilharm,Mayumi,Development
279436,Setiz,Fun,Development
279440,Hebden,Shin,Sales
279451,Qiwen,Pasqua,Sales
279468,Kornyak,Weiwu,Sales
279478,Zyda,Steve,Sales
279480,Kilgour,Yucel,Development
279484,Famili,Yunming,Sales
279487,Fasbender,Dietrich,Development
279488,Vandervoorde,Aleksandar,Development
279504,Thibadeau,Olivera,Development
279506,Selvestrel,Shih,Sales
279510,Munck,Makato,Sales
279511,Rahier,Tsuneo,Development
279514,Heyers,Fumiko,Development
279518,Ellozy,Werner,Sales
279519,Neimat,Trygve,Development
279534,Frijda,Syozo,Development
279535,Sullins,Domenico,Development
279541,Felder,Tsutomu,Sales
279553,Brlek,Elzbieta,Sales
279594,Ponthieu,Alexius,Sales
279618,Cannata,Eben,Development
279620,Erbe,Suzette,Development
279642,Besancenot,Feipei,Development
279643,Massonet,Kiam,Sales
279661,Bach,Xiadong,Sales
279689,McDermid,Martins,Development
279703,Makrucki,Kirk,Development
279704,Kirkerud,Boutros,Development
279707,Broder,Makato,Development
279732,Imataki,Sedat,Sales
279742,Woycyznski,Navid,Development
279753,Georg,Gio,Development
279763,Lipner,Marke,Development
279770,Brickell,Chenyi,Sales
279772,Strooper,Masali,Development
279776,Moehrke,Mohammed,Sales
279784,Quittner,Ronnie,Development
279785,Desikan,Hatsukazu,Development
279808,Dolinsky,Tooru,Development
279829,Stille,Iara,Sales
279831,Conte,Sajjan,Development
279832,Vural,Kristen,Development
279874,Wrigley,Leszek,Development
279894,Masand,Sudharsan,Sales
279910,Snyers,Yongmin,Development
279915,Rijsenbrij,Angus,Development
279972,Gecsei,Jianhua,Sales
279984,Nergos,Kokou,Development
279996,Lampe,Zejun,Development
279997,Burnard,Heeju,Sales
280010,Awdeh,Arnould,Sales
280050,Gewali,Fay,Development
280062,Condotta,Sashi,Sales
280088,Llado,Iara,Sales
280103,Ecklund,Nirmal,Development
280106,Koyama,Duke,Development
280118,Khasidashvili,Constantino,Development
280126,Danecki,Arie,Development
280127,Hammerschmidt,Arnd,Development
280137,Ruther,Cullen,Development
280169,Sherertz,Aimee,Development
280177,Keohane,Youpyo,Development
280187,Ducloy,Dipankar,Development
280197,Fordan,Panayotis,Development
280199,Pelz,Aruna,Development
280212,Heemskerk,Chanjung,Development
280236,Vingron,Sadegh,Sales
280255,Roccetti,Richara,Sales
280257,Straney,Sudhanshu,Development
280271,Papastamatiou,Yucel,Sales
280277,Perry,Magdalena,Sales
280309,Bolsens,Chuanyi,Sales
280334,Kadhim,Chrisa,Development
280361,Hiltgen,Shooichi,Development
280370,Vesel,Mayuko,Development
280391,Spell,Niclas,Sales
280396,Solares,Shih,Sales
280430,Syrotiuk,Sudharsan,Development
280441,Guting,Fatemeh,Development
280448,Aamodt,Theron,Sales
280452,Chenoweth,Navin,Development
280476,Mandelberg,Harngdar,Sales
280483,Jeong,Naraig,Sales
280508,Demos,Srinidhi,Development
280512,Trelles,Sumant,Sales
280573,Compeau,Kirk,Development
280574,Orlowska,Shih,Sales
280595,Kitsuregawa,Frazer,Development
280622,Back,Wayne,Development
280643,Peroz,Dmitry,Sales
280670,Hitomi,Premsyl,Sales
280681,Braccini,Nahum,Development
280717,Range,Aiman,Sales
280721,Fiutem,Arumugam,Development
280723,Kolinko,Arfst,Development
280729,Pearson,Shuho,Development
280790,Baumann,Ekawit,Development
280796,Lundstrom,Shigenori,Development
280803,Dayana,Zine,Development
280844,Rahimi,Jeane,Sales
280860,Syang,Gudjon,Sales
280876,Maginnis,Saniya,Development
280883,Compeau,Shao,Development
280900,Ramsay,Odinaldo,Development
280910,Dehkordi,Arve,Sales
280917,Melter,Doowon,Development
280918,Codenie,Aamod,Sales
280923,Silva,Uno,Sales
280924,Merey,Sigeru,Sales
280933,Dalphin,Jianhao,Development
280934,Gils,Gritta,Development
280941,Furudate,Taisook,Development
280954,Cappelletti,Raimond,Sales
280955,Anido,Mona,Sales
280977,Shokrollahi,Frazer,Development
280979,Orsini,Remmert,Sales
281032,Liedekerke,Vidar,Development
281042,Makinen,Leaf,Development
281058,Bressoud,Miomir,Development
281070,Shanbhogue,Chenye,Sales
281074,Xiaoshan,Kendra,Development
281079,Schwartzburd,Kamakshi,Development
281093,Legleitner,Anyuan,Development
281113,Giaccio,Sumali,Development
281150,Lichtner,Masanao,Sales
281159,Bernardinello,Sakthirel,Development
281163,Giarratana,Mohammad,Development
281170,Dulli,Abdulah,Development
281184,Tagansky,Hilari,Development
281188,Heyers,Sedat,Sales
281195,Undy,Zengping,Development
281213,Staylopatis,Kellyn,Development
281259,Feinberg,Marek,Sales
281261,Molberg,Shuichi,Sales
281277,Pramanik,Moheb,Sales
281292,Falco,Dannz,Development
281293,Bednarek,Chikara,Sales
281299,Herber,Jianhui,Development
281345,Beetstra,Giordano,Sales
281367,Toyoshima,Abdelaziz,Development
281378,Denos,Denny,Development
281381,Kushner,Shahar,Sales
281385,Oxenboll,Georgi,Sales
281398,Poujol,Randy,Development
281400,Lores,Kristen,Development
281416,Kuzuoka,Sadun,Sales
281455,Demir,Abdelkader,Development
281458,Biron,Niranjan,Sales
281462,Shiratori,Katsuo,Sales
281484,Pardalos,Mooi,Development
281488,Bruckman,Xiadong,Development
281505,Baer,Babette,Sales
281510,Demian,Douadi,Sales
281520,Wrigley,Jeanna,Sales
281547,Baez,Vidar,Sales
281548,Lichtner,Yishay,Sales
281554,Naumovich,Zijian,Development
281574,Benantar,Rasikan,Development
281586,Jiang,Akeel,Development
281590,Heydon,Tooru,Sales
281596,Feinberg,Jixiang,Sales
281601,Swist,Kitty,Sales
281697,Rusterholz,Nirmal,Sales
281743,Beeson,Mitchel,Development
281750,Laventhal,Mohamadou,Sales
281760,Cronau,Fumiyo,Sales
281762,Tiemann,Nathalie,Development
281768,Beausoleil,Eckart,Sales
281776,Nilsson,Radoslaw,Sales
281779,Rosca,Anwar,Development
281817,Chiodo,Turgut,Development
281872,Siprelle,Tuval,Development
281877,Murthy,Mana,Development
281888,Brodal,Takahiro,Development
281906,Orlowska,Phuoc,Development
281928,Gewali,Lidong,Sales
281935,Munke,Kasturi,Development
281939,Biran,Demos,Development
281968,Mayerwieser,Byong,Development
281971,Desikan,Horward,Sales
281981,Ishibashi,Youssef,Sales
281983,Klyachko,Kiyotoshi,Sales
282002,Eickenmeyer,Franziska,Sales
282013,Hiyoshi,Ottavia,Development
282036,Ranum,Oguz,Sales
282042,Benzaken,Masaki,Development
282044,Kilgore,Shai,Sales
282063,Selenyi,Hongzhu,Development
282092,Pehl,Masasuke,Development
282096,Zobel,Zvonko,Sales
282112,Peot,Elgin,Development
282119,Aingworth,Foong,Development
282126,Ginesta,Sungwon,Development
282133,Brickell,Marek,Sales
282189,Braccini,Toshiko,Sales
282204,Schneeberger,Ulises,Sales
282251,Valtorta,Anoosh,Sales
282270,Giarratana,Val,Development
282273,Matzen,Sachem,Development
282295,Wegerle,Barton,Development
282309,Mitina,Tzu,Development
282314,Karcich,Bilhanan,Development
282317,Llado,Taegyun,Development
282323,Barbanera,Denis,Development
282347,Radivojevic,Shuky,Sales
282348,Oxenboll,Saddek,Development
282501,Rande,Kristinn,Sales
282508,Merel,Juyoung,Development
282516,Sudbeck,Saeko,Sales
282540,Marakhovsky,Randi,Sales
282568,Zschoche,Gian,Development
282644,Deverell,Alois,Sales
282645,Kadhim,Badri,Development
282670,Nollmann,Becky,Development
282683,Biran,Danny,Sales
282705,Pulkowski,Piyush,Development
282711,Ponthieu,Shahab,Sales
282743,Paludetto,Becky,Sales
282753,Ghandeharizadeh,Tonia,Sales
282810,Merks,Zeljko,Sales
282824,Luon,Cordelia,Development
282841,Schwabacher,Alejandra,Sales
282899,Veldwijk,Poorav,Development
282909,Schapire,Demin,Development
282916,Maraist,Barton,Sales
282979,Steinauer,Shen,Development
283019,Aingworth,Narain,Development
283022,Chenney,Doowon,Development
283048,Ruemmler,Akeno,Development
283050,Kusalik,Juichirou,Sales
283052,Tempesti,Fumitake,Development
283059,Bade,Kshitij,Development
283071,Yeung,Limsoon,Development
283107,Snyers,Leon,Development
283110,Leuchs,Akeel,Development
283114,Pettit,Vishv,Sales
283123,Highland,Youssef,Development
283125,Gire,Rimli,Development
283185,Schapire,Fabrizio,Development
283197,Mawatari,Sajjan,Development
283198,Ranon,Serenella,Development
283209,Seiwald,Abdelghani,Sales
283215,Chelton,Mabo,Development
283225,Duclos,Ult,Sales
283273,Whitcomb,Rimli,Development
283289,Akaboshi,Yechezkel,Sales
283295,Honglei,Kwangsub,Development
283298,Pietrzykowski,Tesuya,Sales
283315,Chimia,Make,Development
283337,Bernatsky,TRUE,Development
283349,Zolotykh,Elgin,Development
283356,Zirintsis,Ingemar,Development
283382,Kleiser,Guozhong,Development
283423,Merel,Alper,Development
283427,Heydon,Iara,Development
283428,Peot,Ramachenga,Sales
283435,Schmezko,Takahiro,Sales
283471,Kuzuoka,Irena,Development
283496,Flasterstein,Kenroku,Sales
283504,Jeong,Koldo,Sales
283529,Ertl,Lucien,Sales
283536,Marwedel,Yongqiao,Development
283557,Teitelbaum,Hironobu,Sales
283589,Lamparter,Ravishankar,Sales
283601,Cunliffe,Uno,Development
283649,Frolund,Maren,Development
283653,Camurati,Neelam,Sales
283716,Hoogerwoord,Greger,Development
283724,Suri,Phuoc,Development
283740,Selenyi,Stella,Sales
283768,Boreale,Mayuri,Sales
283804,Koprowski,Aran,Development
283805,Kroha,Yechezkel,Development
283810,Maliniak,Conor,Development
283821,Schicker,Jianwen,Development
283829,Niizuma,Along,Sales
283833,Etalle,Nikolaos,Development
283847,Barriga,Fai,Sales
283848,Baaz,Zeydy,Development
283871,Porotnikoff,Geraldo,Sales
283894,Seuren,Chinhyun,Development
283900,Gist,Shaunak,Development
283917,Morrey,Conor,Development
283949,Kroft,Ioana,Sales
283959,Comyn,Heather,Development
283970,Asmuth,Tamiya,Development
284049,Orlowska,Nakhoon,Development
284056,Ambroszkiewicz,Tze,Development
284081,Kampfer,Deniz,Sales
284088,DasSarma,Katsuyuki,Development
284099,Gluchowski,Masali,Development
284108,Kalloufi,Jinxi,Development
284109,Seuren,Irena,Sales
284118,Lorho,Toshimo,Development
284152,Acton,Katsuyuki,Development
284156,Ananiadou,Nechama,Development
284161,Hiroyama,Kazuhide,Sales
284184,Pero,Sahrah,Sales
284195,Bouloucos,Mona,Sales
284196,Krichel,Parto,Development
284203,Weisert,Subhankar,Sales
284205,Falco,Valter,Development
284221,Veldwijk,Mostafa,Development
284228,Pelc,Fuqing,Sales
284243,Chorvat,Pohua,Development
284250,Baby,Munehiko,Development
284264,Jarecki,Kayoko,Development
284265,Lubachevsky,Christoph,Sales
284304,Malabarba,Nirmal,Development
284334,Stifter,Alper,Development
284336,Gornas,Yechiam,Development
284338,Montresor,Arra,Development
284343,Velardi,Jeanne,Development
284360,Sommen,Kwun,Development
284385,Marletta,Xiaocheng,Sales
284393,Passafiume,Ronghao,Development
284423,Szmurlo,Sudharsan,Sales
284465,Rosiles,Aria,Development
284474,Petersohn,Mona,Sales
284492,Birsak,Armond,Sales
284511,Fraisse,Doohun,Development
284516,Borstler,Anyuan,Development
284529,Danlos,Berry,Development
284530,Borstler,Almudena,Development
284559,Sooriamurthi,Danny,Development
284560,Valiente,Adin,Sales
284573,Siksek,Fei,Development
284584,Wegerle,Suvo,Development
284587,Siegrist,Basil,Development
284594,Rouquie,Sahrah,Sales
284621,Goldhammer,Gino,Sales
284635,Rodite,Hongzhu,Development
284652,Compeau,Pranas,Development
284654,Decleir,Becky,Development
284655,Nanard,Mohd,Sales
284674,Monarch,Krassimir,Sales
284712,Rindone,Ayakannu,Sales
284714,Mitchem,Sadok,Development
284720,Falster,Heping,Sales
284746,Dusink,Torsten,Development
284758,Krichel,Odoardo,Sales
284762,Akiyama,Chinho,Development
284803,Chinal,Suebskul,Sales
284809,Danner,Tru,Development
284818,Lortz,Aron,Development
284830,Luff,Stafford,Sales
284847,Seghrouchni,Shugo,Development
284873,Perri,Adly,Development
284874,Langford,Vidar,Development
284876,Lorys,Kwun,Development
284877,Chorvat,Satosi,Sales
284883,Marrevee,Pohua,Development
284896,Mateescu,Tsuneo,Development
284905,Koshino,Bingning,Development
284927,Ullian,Rafols,Sales
284947,Vidal,Martial,Sales
284978,Conta,Toong,Sales
284990,Theuretzbacher,Froduald,Sales
284992,Schaft,Toshiki,Development
284999,Hebden,Vidar,Sales
285061,Baja,Babette,Sales
285065,Hitomi,Adas,Development
285068,Felcyn,Genta,Development
285073,Matzen,Val,Development
285085,Rosch,Jouni,Development
285087,Badache,Masako,Sales
285161,Sommer,Lihong,Development
285165,Rajcani,Peer,Development
285181,Ullian,TRUE,Development
285207,Seuren,Charmane,Development
285268,Valtorta,Berto,Development
285308,Miake,Domenico,Sales
285331,Winter,Kagan,Development
285393,Kaelbling,Carrsten,Sales
285400,Pollock,Aluzio,Development
285429,Kavvadias,Amabile,Development
285470,Turnbull,Gill,Sales
285494,Reeker,Goncalo,Development
285514,Azevdeo,Bikash,Sales
285523,Picco,Woody,Development
285524,Gimbel,Anoosh,Sales
285525,Sifakis,Shigehito,Development
285551,Erie,Zita,Sales
285559,Boguraev,Sanjai,Sales
285560,Barinka,Shigehito,Development
285562,Katzenelson,Hyuckchul,Development
285565,Schonegge,Shigeaki,Development
285566,Tzvieli,Mart,Development
285572,Monarch,Huiqun,Development
285609,Uludag,Tetsushi,Sales
285637,Crelier,Surveyors,Sales
285643,Rusterholz,Dulce,Development
285659,Lorys,Mabhin,Sales
285664,Nannarelli,Satyanarayana,Development
285673,Chaudhury,Arnould,Development
285675,Orsini,Deborah,Sales
285677,Luke,Tsutomu,Development
285722,Dratva,Shrikanth,Development
285743,DasSarma,Gretta,Development
285749,Jeong,Terresa,Development
285766,Auyong,Hsiangchu,Development
285781,Picaronny,Hein,Sales
285789,Welham,Uli,Sales
285800,Gargeya,Barry,Development
285803,Hertweck,Almudena,Sales
285822,Whitcomb,Randi,Development
285829,Henders,Jeanne,Sales
285874,Clouatre,Reuven,Development
285909,Streng,Ipke,Development
285929,Honglei,Oscal,Development
285934,Antonakopoulos,Zhilian,Sales
285938,Hiraishi,Serenella,Sales
285988,Back,Perla,Sales
286000,Eugenio,Tonny,Sales
286004,Schiper,Sachem,Development
286016,Peha,Shigehito,Sales
286057,Stellhorn,Bezalel,Development
286072,Luit,Christophe,Sales
286087,Choobineh,Elvis,Development
286090,Sewelson,Shaw,Sales
286110,Bazelow,Khedija,Development
286128,Mitsuhashi,Eckart,Sales
286143,Botman,Atreye,Sales
286144,Birke,Rutger,Development
286169,Chleq,Fuqing,Development
286195,Hofting,Karlis,Sales
286196,Gewali,Trygve,Sales
286206,Ulupinar,King,Development
286212,Krychniak,Khoa,Sales
286219,Rehfuss,Gita,Sales
286221,Figueira,Shahaf,Sales
286315,Fandrianto,Takanari,Development
286362,Chaudhury,Ramalingam,Development
286363,Tsukuda,Brigham,Development
286374,Buchter,Subbu,Development
286412,Bresenham,Adas,Development
286418,Daescu,Tomokazu,Sales
286423,Flanders,Dietrich,Sales
286440,Huttel,Aleksandar,Development
286444,Srimani,Marin,Sales
286447,Schaft,Alper,Development
286449,Khalid,Randi,Development
286467,Molberg,Ult,Sales
286473,Azadmanesh,Saniya,Development
286477,Speel,Kazuhiro,Development
286489,Arlazarov,Fumiko,Development
286490,Ranai,Gill,Development
286493,Ciolek,Uma,Development
286515,Soicher,Debaprosad,Development
286522,Barriga,Bouchung,Development
286562,Azevdeo,Reuven,Sales
286590,Androutsos,Aral,Development
286610,Schauser,Shuky,Development
286615,Eterovic,Lokesh,Sales
286632,Ghemri,Bingning,Sales
286636,Leivant,Cordelia,Development
286646,Peres,Martien,Development
286680,Zambonelli,Yuichiro,Development
286697,Melter,Ult,Sales
286710,Jording,Suebskul,Sales
286746,Erdi,Georg,Development
286755,Kusalik,Limsoon,Development
286760,Escriba,Sadun,Development
286771,Alblas,Make,Development
286777,Demos,Garnet,Sales
286781,Roccetti,Vesna,Development
286790,Diderrich,Snehasis,Development
286795,Luca,Tayeb,Sales
286827,Merey,Yunming,Sales
286841,Zobel,Hidekazu,Sales
286852,Oppitz,Anwar,Sales
286875,Wielonsky,Freyja,Sales
286878,Otillio,Sakthirel,Sales
286881,Ritzmann,Malu,Development
286893,Yurek,Parke,Sales
286898,Grabner,Susumu,Development
286982,Ranze,Aksel,Sales
286992,Skafidas,Dante,Development
287013,Asmuth,Heng,Sales
287021,Schwaller,Dharmaraja,Development
287033,Pettey,Pradeep,Sales
287041,Marletta,Pramod,Development
287042,Schwartzbauer,Constantino,Development
287064,Ratnaker,Kish,Development
287066,Nitsch,Shaowen,Development
287076,Harnett,Almudena,Sales
287093,Leslie,Dietrich,Development
287123,Benaini,Marko,Sales
287161,Parveen,Gilbert,Sales
287163,Verhaegen,Vugranam,Development
287167,Toyoshima,Qunsheng,Development
287181,Schade,Mariusz,Sales
287221,Sinitsyn,Saeed,Development
287238,Nooteboom,Yoshimitsu,Development
287247,Michaeli,Temple,Development
287249,Gopalakrishnan,Richara,Sales
287262,Whitcomb,Sushant,Development
287267,Cummings,Lunjin,Development
287293,Rosch,Gao,Sales
287318,Kossowski,Nikolaos,Development
287347,Melton,Noritoshi,Sales
287355,Picht,Shir,Sales
287364,Conta,Qingxiang,Sales
287370,Kandlur,Kwan,Development
287373,Beznosov,Mabry,Development
287406,Slutz,Arra,Sales
287446,Krichel,Abdelaziz,Development
287505,Orlowska,Neelam,Development
287507,Plump,Muneo,Development
287512,Bashian,Guadalupe,Development
287518,McConalogue,Chinhyun,Sales
287552,Hockney,Idoia,Sales
287598,Jiang,Bader,Sales
287600,Vieth,Rajmohan,Sales
287613,Magalhaes,Navid,Sales
287624,Ambroszkiewicz,Francesca,Sales
287635,Kamber,Jagoda,Development
287641,Riexinger,Yuriy,Development
287658,Weiland,Zhenbing,Development
287664,Clemencon,Guther,Sales
287680,Rande,Youssef,Sales
287714,Lammel,Sachem,Development
287717,Mullainathan,Inderjeet,Development
287744,Hemaspaandra,Woody,Development
287761,Pargaonkar,Patricia,Sales
287769,Dratva,Tianruo,Development
287776,Tyugu,Yuping,Development
287778,Suomi,Krisda,Sales
287796,Tsukune,Youssef,Development
287803,Waymire,Felicidad,Development
287815,Rodham,Huiqun,Development
287830,Sullins,Wuxu,Development
287837,Businaro,Nobuyoshi,Development
287839,Tyugu,Teunis,Development
287848,Stroustrup,Chaosheng,Development
287876,Hardjono,Yinlin,Sales
287877,Trumbly,Duro,Development
287878,Gihr,Masoud,Development
287908,Zirintsis,Masaki,Development
287929,Pews,Turgut,Development
287931,Tsukuda,Sariel,Sales
287947,Anily,Wanqing,Sales
287982,Akaboshi,Stepehn,Development
287995,Stentiford,Lijia,Development
287996,Siprelle,Geraldo,Development
288004,Templeman,Saeed,Development
288011,Veccia,Naftali,Development
288014,Ranft,Nitsan,Development
288050,Peek,Teiji,Development
288051,Thibadeau,Murthy,Sales
288057,Ozeri,Alejandro,Development
288071,Shanbhogue,Supot,Sales
288074,Rosis,Hugo,Development
288075,Aloia,Nectarios,Development
288138,Tetzlaff,Iara,Sales
288144,Pehl,Youngkon,Development
288161,Luck,Kellyn,Sales
288206,Tiemann,Jouni,Sales
288209,Baez,Elvia,Sales
288220,Kermarrec,Kish,Development
288265,Budinsky,Angus,Development
288274,Alblas,Selwyn,Development
288304,Majewski,Shan,Sales
288312,Baba,Filipe,Development
288319,Kaminger,Srinidhi,Sales
288322,Bardell,Shahab,Development
288332,Douceur,Sibyl,Sales
288335,Covnot,Anyuan,Development
288341,Koshiba,Aris,Development
288345,Lamparter,Tuval,Development
288384,Maksimenko,Magy,Development
288389,Pietracaprina,Guther,Sales
288393,Lakshmanan,Bernd,Sales
288406,Nannarelli,Wayne,Development
288452,Wrigley,Aria,Sales
288456,Munck,Mariusz,Development
288461,Madeira,Nathan,Sales
288482,Gurbaxani,Khoa,Sales
288485,Rosenbaum,Nigel,Development
288511,Decleir,Bezalel,Development
288514,Potthoff,Dines,Development
288538,Bernini,Pintsang,Development
288540,Camarinopoulos,Uli,Development
288562,Stamatiou,Yinlin,Development
288574,Paludetto,Fayez,Sales
288577,Granlund,Shin,Development
288578,Birrer,Boguslaw,Sales
288588,Toyoshima,Aiichiro,Development
288590,Reeken,Hailing,Sales
288615,Merks,Florian,Development
288617,Beeson,Tsutomu,Development
288634,Kobara,Chenyi,Development
288639,Rehfuss,Shooichi,Sales
288658,Halloran,Giordano,Sales
288684,Papastamatiou,Gou,Sales
288686,Naudin,Christophe,Development
288705,Farrag,Carrsten,Development
288746,Morrin,Leif,Development
288776,Baca,Akeno,Sales
288801,Birge,Otmar,Sales
288812,Deverell,Cristinel,Sales
288813,Noriega,Licheng,Sales
288815,Benner,Akhilish,Development
288840,Christ,Pohua,Sales
288841,Merlo,Sajjad,Sales
288847,Kalafatis,Guenter,Sales
288863,Sundgren,Huai,Sales
288880,Gammage,Chuanyi,Development
288905,Biran,Kazuhito,Development
288913,Chenoweth,Shan,Development
288949,Munoz,Munehiro,Development
288967,Erbe,Mantis,Sales
288973,Kaiser,Xinyu,Sales
289022,Czap,Bowen,Sales
289025,Fordan,Feixiong,Sales
289032,Asrin,Danny,Sales
289034,Cappelletti,Arra,Development
289054,Hutton,Youjian,Development
289057,Theuretzbacher,Eishiro,Sales
289079,Montemayor,Xiaobin,Development
289101,Chaudhuri,Xiaoqiu,Development
289103,Openshaw,Francesca,Development
289107,Luef,Holgard,Sales
289153,Molenaar,Shigeichiro,Development
289170,Aloia,Taizo,Development
289172,Angiulli,Valeska,Development
289278,Luit,Nechama,Development
289281,Mondadori,Basant,Development
289285,Miake,Mohua,Development
289288,Makrucki,Serif,Development
289302,Lampe,Mani,Sales
289332,Esteva,Youjian,Development
289353,Winter,Nikolaos,Sales
289356,Kobuchi,Yuqun,Sales
289368,Zuberek,Yaghout,Development
289388,Pusterhofer,Mrinalini,Development
289389,Suomi,Adhemar,Sales
289393,Schonegge,Koichi,Development
289419,Ozeri,Kenroku,Sales
289421,Decleir,Cordelia,Development
289433,Maquelin,Demos,Sales
289438,Takanami,Karlis,Development
289445,Shackel,Bedir,Sales
289461,Anandan,Sergi,Development
289477,Docker,Dung,Development
289536,Vendrig,Shuzo,Development
289543,Kirkerud,Shmuel,Development
289546,Hasham,Kensei,Development
289562,Warwick,Chuanyi,Development
289583,Rijsenbrij,King,Development
289585,Pappas,Guther,Development
289613,Narahara,Khalil,Development
289616,Fasbender,Mark,Development
289619,Mundy,Jiafu,Sales
289669,Litzler,Larisa,Sales
289686,Rajala,Ortrun,Sales
289712,Brookner,Karsten,Sales
289727,Seuren,Cheong,Development
289777,Lorys,Margo,Development
289782,Redmiles,Kazuyasu,Development
289793,Spataro,Shmuel,Development
289804,Yetim,Khalid,Development
289817,Strandh,Karoline,Development
289847,Wissmann,Leen,Sales
289862,Deverell,Marin,Sales
289878,Beznosov,Adam,Development
289942,Rosar,Nathan,Development
289950,Koshino,Sudharsan,Sales
289982,Erol,Gil,Sales
289989,Strehl,Xuejia,Development
290029,Auria,Vincent,Development
290035,Lieberherr,Zine,Sales
290062,Morrow,Godehard,Development
290083,Veevers,Giap,Development
290089,Highland,Alain,Sales
290107,Erva,Hinrich,Development
290108,Jonsson,Tomokazu,Development
290129,Yavatkar,Duro,Development
290232,Malabarba,Nobuyoshi,Development
290274,Cooley,Nahid,Sales
290329,Luks,Branimir,Sales
290337,Soicher,Jaroslava,Sales
290357,Cunliffe,Kasturi,Sales
290360,Auyong,Rosita,Sales
290390,Gornas,Xiaoqiu,Development
290418,Uludag,Djenana,Development
290419,Underwood,Nathan,Development
290423,Krohn,Arco,Development
290424,Karcich,Foong,Development
290428,Flowers,Supot,Sales
290434,Ferriere,Mohan,Sales
290436,Karlin,Chenxi,Sales
290468,Chinal,Moto,Development
290491,Vadhan,Marsal,Sales
290505,Onuegbe,Kien,Development
290514,Zedlitz,Kien,Development
290536,Janetzko,Kiam,Development
290537,Erbe,Mabo,Sales
290561,Melter,Genki,Sales
290564,Ghandeharizadeh,Teunis,Sales
290589,Chleq,Jouni,Sales
290602,Hiltgen,King,Development
290631,Vieri,Yoshinari,Development
290638,Honglei,Erez,Development
290644,Daescu,Rasikan,Development
290647,Velardi,Mandell,Development
290654,Zirintsis,Kerryn,Development
290685,Nations,Spyrose,Development
290716,Kakkar,Mohd,Development
290732,Usery,Shen,Sales
290788,Lundstrom,Weijing,Sales
290800,Meriste,Shmuel,Sales
290805,Swift,Noritoshi,Development
290816,Cochrane,Sachem,Sales
290820,Poujol,Volkmar,Development
290828,Munro,Mary,Development
290835,Angot,Susuma,Sales
290850,Stenning,Subhada,Development
290856,Cannard,Cedric,Sales
290864,Morrow,Ohad,Development
290869,Bazzichi,Byong,Development
290890,Vitiello,Margareta,Sales
290895,Badr,Serge,Development
290901,Thombley,Fumitaka,Development
290913,Lieberherr,Tse,Sales
290944,Gurbaxani,Moty,Development
290946,Reutenauer,Abdelghani,Sales
290955,Bakhtari,Leaf,Development
290981,Nooteboom,Mona,Development
290985,Takanami,Geraldo,Sales
290990,Bennet,Guiseppe,Development
290995,Bugrara,Siddarth,Development
291008,Shimshoni,Takushi,Development
291011,Huxford,Aron,Development
291030,Guenter,Licheng,Development
291050,Busillo,Changho,Development
291059,Bultermann,Sanjai,Development
291064,Bernini,Claudi,Development
291067,Sanella,Margareta,Development
291068,Zaccaria,Conor,Sales
291084,Reinhart,Mokhtar,Development
291099,Kranzdorf,Heeju,Development
291106,Gilg,Masako,Sales
291116,Pocchiola,Berni,Sales
291119,Huxford,Bernice,Sales
291124,Anandan,Yucai,Sales
291164,Wegerle,Kasidit,Development
291196,Waleschkowski,Nectarios,Development
291245,Lueh,Shahab,Sales
291294,Luby,Yoshimitsu,Sales
291301,Sidje,Miquel,Development
291312,Rosen,Oscar,Development
291323,Maksimenko,Ghassan,Sales
291324,Schwartzburd,Steen,Development
291325,Speckmann,Arno,Sales
291330,Ligten,Mona,Sales
291353,Farrag,Alselm,Sales
291359,Swiler,Sreekrishna,Sales
291376,Jahnichen,Fai,Development
291380,Miara,Mohammed,Sales
291385,Anandan,Khun,Sales
291421,Carrere,Eirik,Sales
291426,Cooman,Geraldo,Sales
291448,Savasere,Zhonghua,Development
291498,Pettis,Jeane,Development
291534,Paciorek,Akhilish,Sales
291538,Demizu,Torsten,Development
291539,Pappas,Randi,Development
291573,Dichev,Chirstian,Development
291580,Gniady,Nidapan,Development
291607,Swift,Boguslaw,Sales
291637,Tsukuda,Alejandro,Development
291649,Kruskal,Arnould,Sales
291653,Strehl,Rafael,Sales
291665,Siepmann,Rosella,Development
291675,Stenning,Dipayan,Development
291676,Constantine,Alain,Development
291683,Masand,Denny,Sales
291734,Heinisuo,Serge,Sales
291740,Bratten,Tua,Development
291756,Braunmuhl,Randi,Development
291788,Poupard,Makato,Sales
291799,Leijenhorst,Stafford,Development
291805,Munke,Hyuncheol,Sales
291811,Slaats,Shaibal,Development
291817,Rosca,Adin,Development
291831,Constantine,Mong,Development
291840,Riefers,Xiahua,Development
291850,Esteva,Shirish,Development
291861,Worfolk,Ramya,Sales
291865,Hartvigsen,Gritta,Development
291892,Nollmann,Babette,Sales
291896,Decleir,Mart,Development
291898,Quittner,Ferdinand,Development
291908,Soloway,Marek,Sales
291956,Veldwijk,Claude,Development
291958,Bernardinello,Anneli,Development
292011,Klassen,Christoph,Development
292023,Rullman,Demos,Sales
292025,Osgood,Weidon,Development
292032,Siprelle,Herb,Sales
292033,Rajcani,Aris,Development
292038,Muhling,Roddy,Development
292053,Brandsma,Shuji,Development
292083,McFarlan,Kayoko,Sales
292084,Luon,Danco,Development
292093,Papsdorf,Yurij,Sales
292126,Panangaden,Masanao,Development
292173,Preusig,Volkmar,Sales
292198,Gien,Geoff,Sales
292201,Varman,Aris,Development
292208,Harbusch,Perry,Development
292281,Bardell,Lakshmi,Sales
292301,Barbanera,Maris,Development
292310,Conia,Changho,Development
292314,Roohalamini,Shay,Development
292322,Colorni,Adamantios,Sales
292331,Vesna,Aamod,Development
292371,Stanfel,Danil,Development
292378,Harllee,Mang,Sales
292381,Kusalik,Mansur,Development
292415,Reinhart,Irena,Development
292457,Erev,Josyula,Development
292458,Armand,Akeno,Sales
292464,Choobineh,Gennady,Development
292499,Mayerwieser,Takahira,Sales
292506,Tchuente,Nahum,Development
292507,Jakobus,Feiyu,Development
292517,Fadgyas,Xumin,Sales
292519,Angel,Josyula,Development
292531,Zwicker,Fumitaka,Development
292532,Honglei,Mokhtar,Development
292533,Muchinsky,Zine,Sales
292554,Heuser,Steen,Sales
292604,Tibblin,Chriss,Development
292605,Picaronny,Hatem,Development
292612,Katalagarianos,Lihong,Development
292618,Salverda,Abdelkader,Development
292624,Jiang,Huiqun,Sales
292643,Eiter,Chriss,Sales
292651,Zastre,Khatoun,Development
292658,Massonet,Hiroyasu,Development
292671,Granlund,DeForest,Sales
292675,Ranze,Munehiko,Sales
292707,Pollacia,Aluzio,Development
292708,Kilgore,Jaana,Development
292716,Porenta,Hidde,Development
292737,Pellegrinelli,Lillian,Development
292752,Frolund,Jianhao,Development
292753,Andreotta,Kwangyoen,Development
292757,Desikan,Younwoo,Development
292768,DiGiano,Kannan,Development
292810,Nyanchama,Visit,Development
292825,Facello,Tru,Development
292831,Ananiadou,Subhankar,Development
292841,Pargaonkar,Yannis,Development
292852,Binding,Iara,Development
292880,Schmezko,Kasidit,Development
292902,Woycyznski,Shigenori,Sales
292904,Uhrik,Gopalakrishnan,Sales
292962,Schahn,Youjian,Sales
292968,Chaudhury,Sashi,Development
292970,Strandh,Xinyu,Sales
292989,Fraisse,Dipayan,Development
292995,Picel,Junsik,Development
293010,Verhoeff,Nathan,Development
293122,Chleq,Fox,Sales
293144,Huhdanpaa,Junichi,Sales
293177,Fairtlough,Marlo,Sales
293193,Baez,Karlis,Development
293259,Petersohn,Breannda,Development
293302,Senzako,Ayakannu,Development
293312,Pehl,Zito,Sales
293324,Stassinopoulos,Lubomir,Development
293325,Ullian,Candido,Development
293328,Madeira,Takahiro,Development
293332,Veccia,Guadalupe,Development
293342,Moehrke,Dekang,Sales
293354,Perfilyeva,Sukumar,Development
293355,Kolvik,Huan,Sales
293424,Ohori,Arumugam,Development
293434,Ghandeharizadeh,Sachio,Sales
293441,Cunliffe,Toshimitsu,Development
293446,Leppanen,Gad,Development
293505,Eugenio,Premsyl,Development
293508,Ranta,Sachin,Development
293537,Chiodo,Quingbo,Sales
293567,Kragelund,Masami,Development
293576,Kragelund,Munehiro,Development
293587,Vickson,King,Development
293628,Danecki,Zhanqiu,Development
293632,Kenevan,Arnould,Sales
293647,Lindqvist,Martina,Sales
293693,Baumann,Tokuyasu,Sales
293700,Zeidenstein,Berry,Development
293703,Munawer,Serap,Sales
293769,Valtorta,Paris,Sales
293784,Feldhoffer,Radhika,Development
293809,Michaeli,Jianhua,Development
293814,Bach,Barton,Sales
293849,Bondorf,Brigham,Development
293863,Moehrke,Xudong,Development
293884,Ebeling,Zhenhua,Development
293893,Kropf,Bernt,Development
293913,Schwartzbauer,Maren,Development
293914,Garrabrants,Jungsoon,Sales
293916,Steinauer,Goncalo,Sales
293928,Yavatkar,Tremaine,Development
293934,Heusch,Kerryn,Sales
293939,Lanzelotte,Parke,Development
293942,Erni,Vitaly,Development
293946,Merro,Nadjib,Sales
293965,Majewski,Jamaludin,Sales
293967,Garrabrants,Selwyn,Development
293988,Sifakis,Yunming,Development
294001,Waleschkowski,Changho,Development
294011,Solares,Guiseppe,Sales
294080,Iwayama,Chenxi,Sales
294091,Siegrist,Roded,Development
294097,Cummings,Kazunori,Sales
294112,Chachaty,Guenter,Development
294131,Ghemri,Percy,Development
294164,Hennings,Subhada,Sales
294170,Improta,Valeri,Sales
294178,Luga,Nectarios,Development
294184,Tomescu,Utz,Development
294193,Pettey,Subhankar,Sales
294232,Salvesen,Kasturi,Sales
294240,Ressouche,Poornachandra,Sales
294243,Llado,Marie,Development
294282,Trelles,Hatem,Development
294283,Yurov,Gita,Sales
294288,Lyonns,Adel,Development
294319,Bach,Geoffry,Sales
294326,Kermarrec,Dmitri,Sales
294332,Ranft,Adit,Sales
294338,Openshaw,Karsten,Development
294362,Rassart,Pranjal,Development
294387,Asser,Hatem,Development
294398,Ruemmler,Kazuhiko,Sales
294450,Murtafg,Marko,Development
294483,Showalter,Zhilian,Development
294493,Alencar,Chinya,Development
294501,Roohalamini,Claude,Sales
294508,Lammel,Bartek,Development
294514,Scharstein,Kwangyoen,Development
294546,Magliocco,Billur,Development
294597,Tomescu,DAIDA,Development
294606,Perko,Zhilian,Sales
294613,Carrere,Palash,Sales
294614,Molenkamp,Ashish,Development
294618,Emmart,Kazunori,Sales
294655,Kakkar,Ravishankar,Development
294681,Fujisaki,Maria,Development
294692,Lakshmanan,Marie,Sales
294719,Aloisi,Kwok,Development
294733,Fabrizio,Satyanarayana,Development
294742,Brender,Neelam,Sales
294757,Millington,Weiru,Development
294773,Sanella,Constantino,Development
294779,Valiente,Mountaz,Sales
294784,Wegerle,Pranjal,Development
294805,Flexer,Vishu,Sales
294812,Legleitner,Temple,Development
294818,Peha,Jiang,Development
294850,Peot,Toshimo,Sales
294869,Schiper,Byong,Development
294884,Baaz,Bowen,Development
294893,Marwedel,Hironoby,Sales
294930,Baik,Remmert,Sales
294932,Perly,Aram,Sales
294951,Flowers,Nidapan,Development
294958,Zuberek,Constantine,Sales
294962,Avouris,Sushant,Development
294966,Esposito,Mrinalini,Sales
294970,Rosay,Peer,Sales
294975,Rosis,Lucian,Development
294978,Pagter,Adas,Development
294995,Iacovou,Sumali,Development
295027,Karner,Zeljko,Sales
295068,Olivero,Shem,Sales
295085,Picht,Mana,Development
295089,Shimshoni,Gina,Sales
295118,Redmiles,Navin,Sales
295149,Swan,Badri,Development
295181,Skogmar,Niclas,Sales
295190,Bach,Shigeu,Development
295217,Bierman,Ashish,Development
295221,Hofting,Tomokazu,Sales
295227,Marquardt,Navin,Development
295235,Tsunoo,Ortrun,Development
295241,Bellone,Makato,Development
295242,Swick,Sarita,Development
295292,Rijsenbrij,Padma,Development
295336,Moffat,Zongyan,Development
295339,Pouyioutas,Vivian,Development
295351,Barinka,Niranjan,Sales
295364,Parascandalo,Shaowei,Sales
295376,Arlazarov,Minghong,Development
295394,Fiutem,Rimon,Development
295426,Imataki,Kerryn,Development
295439,Fadgyas,Makato,Sales
295447,Vakili,Chanjung,Development
295462,Penttonen,Susanna,Development
295464,Falck,Marc,Sales
295483,Raoux,Deborah,Sales
295503,Lund,Tayeb,Sales
295506,Blokdijk,Aloys,Sales
295543,Nannarelli,Navin,Development
295562,Heping,Shih,Development
295573,Ramsay,Macha,Development
295577,Baumann,Guther,Development
295624,Denos,Menkae,Sales
295626,Krohm,Gou,Development
295647,Schiettecatte,Gal,Development
295651,Coombs,Adil,Sales
295653,Encarnacion,Fei,Development
295658,Decleir,Akeno,Development
295665,Socorro,Fabrizio,Sales
295680,Nyrup,Quingbo,Development
295701,Hegner,Berto,Development
295747,Zirintsis,Subhash,Development
295751,Pavlopoulou,Jacqueline,Development
295787,Zaumen,Leucio,Development
295795,Budinsky,Tomofumi,Sales
295796,Trachtenberg,Ewing,Sales
295800,Weisert,Jingling,Sales
295802,Engelmann,Xiahua,Development
295838,Ritcey,Bartek,Sales
295842,Bratsberg,Billie,Development
295853,Rahimi,Doohun,Sales
295919,Saoudi,Florina,Sales
295938,Beilner,Ziva,Development
295940,Shackell,Chinhyun,Development
295976,Desikan,Miomir,Development
295997,Msuda,Kensei,Development
296003,Khamsi,Gay,Development
296016,Munoz,Ayakannu,Sales
296033,Peak,Youngkon,Development
296047,Schlenzig,Mariusz,Development
296078,Birta,DeForest,Development
296081,Morrey,Marie,Development
296087,Kemmerer,Eran,Development
296102,Christ,Howell,Development
296108,Karnin,Marsha,Sales
296142,Parveen,Tokuyasu,Development
296159,Passafiume,Shaunak,Development
296182,Anandan,Snehasis,Development
296186,Fandrianto,Arunas,Development
296223,Pettis,Theirry,Development
296236,Veevers,Susumu,Development
296240,Ranka,Brewster,Development
296283,Molberg,Tianruo,Development
296288,Vecchi,Muzhong,Sales
296346,Osgood,Arif,Development
296354,Cappelletti,Lorien,Development
296361,Broomell,Yonghoan,Development
296368,Warwick,Annemarie,Sales
296375,Tzvieli,Maren,Sales
296381,Matteis,Henk,Development
296386,Petereit,Weijing,Development
296387,Riexinger,Yuguang,Sales
296390,Stifter,Monique,Development
296401,Hashii,Sverrir,Development
296432,Brendel,Atreyi,Sales
296471,Scallan,Marlo,Development
296479,Gulik,Henk,Development
296480,Klassen,Duro,Development
296481,Lunt,Conal,Development
296514,Underwood,Zito,Sales
296549,Caine,Pascal,Development
296569,Lindenbaum,Gila,Sales
296581,Kakkad,Karoline,Development
296589,Gammage,Tran,Development
296599,Beilner,Lalit,Development
296615,Leijenhorst,Nagui,Development
296619,Brickell,Frederique,Development
296625,Erdi,Goa,Sales
296637,Daescu,Francoise,Development
296653,McClure,Emran,Development
296662,Kavraki,Kagan,Development
296668,Veeraraghavan,Jianwen,Development
296671,Jiafu,Piyawadee,Development
296677,Perng,Rafael,Development
296693,Lunn,Khedija,Development
296708,Siepmann,Odinaldo,Development
296722,Constantine,Petter,Development
296724,Osgood,Sajjad,Development
296735,Iacovou,Satyanarayana,Sales
296763,Brookman,Aran,Sales
296770,Miyakawa,Adas,Development
296777,Marrakchi,Divier,Development
296790,Oppitz,Shaleah,Development
296821,Cooman,Charlene,Sales
296825,Iivonen,Hongzue,Development
296848,Kermarrec,Jianhua,Sales
296857,Reghbati,Toshimo,Sales
296882,Armand,Vugranam,Development
296884,Krichel,Nevin,Development
296898,Maginnis,Noritoshi,Development
296901,Ranai,Margo,Sales
296906,Gips,Fumiyo,Sales
296907,Wolniewicz,Valery,Sales
296911,Heinisuo,Yefim,Development
296924,Ciolek,Masanao,Development
297026,Schaar,Niranjan,Sales
297061,Kumaresan,Gita,Development
297081,Glowinski,Heeju,Development
297100,Schaap,Bangqing,Sales
297117,Gist,Horward,Sales
297120,Usdin,Oscal,Development
297122,Murthy,Jiann,Development
297135,Acton,Bezalel,Development
297150,Puppe,Sreenivas,Development
297167,Ligten,Dipayan,Development
297169,Rousseau,Vincent,Sales
297178,Vural,Chenyi,Development
297180,Krybus,Shrikanth,Sales
297182,Lodder,Zdislav,Development
297201,Rahier,Adamantios,Development
297219,Itzfeldt,Rajmohan,Sales
297229,Emmart,Yahiko,Development
297254,Ressouche,Kazuhito,Development
297270,Zucker,Masoud,Sales
297281,Terekhov,Hidekazu,Sales
297300,Lubachevsky,Gill,Development
297307,Trelles,Michaela,Sales
297309,Miculan,Sudharsan,Sales
297314,Junet,Tetsushi,Development
297321,Wegerle,Remko,Development
297328,Serov,Irene,Development
297340,Famili,Lucian,Sales
297343,Kinley,Xianlong,Development
297381,Muhling,Gio,Sales
297390,Takanami,Eishiro,Development
297405,Eterovic,Susanna,Development
297406,Pleszkun,Shaowei,Development
297451,Hofmeyr,Randy,Development
297455,Boudaillier,Candido,Development
297469,Weedon,Zito,Development
297470,Cesareni,Candido,Sales
297510,Restivo,Gift,Sales
297515,Erni,Florina,Development
297528,Meszaros,Beshir,Development
297539,Manderick,Adit,Development
297552,Buchter,Claudi,Sales
297558,Candan,Sushant,Development
297580,Seiwald,Zhonghui,Sales
297592,Baezner,Goncalo,Sales
297594,Picht,Atreye,Sales
297635,Gecsei,Chandrasekaran,Sales
297653,Thombley,Basem,Development
297671,Highland,Yoshimitsu,Sales
297694,Simmel,Armond,Development
297717,Karnin,Nahid,Sales
297728,Woycyznski,Toshimitsu,Development
297740,Masamoto,Dhritiman,Sales
297778,Riefers,Gaurav,Sales
297795,Baez,Aksel,Sales
297798,Collavizza,Hideo,Development
297852,Braccini,Fusako,Development
297879,Claffy,Percy,Development
297882,Straney,Candida,Sales
297883,Roohalamini,Huan,Sales
297888,Bennis,Chaosheng,Development
297895,Hebden,Fen,Sales
297908,Peha,Hinrich,Sales
297951,Cappelletti,Shen,Development
297968,Schauser,Bedrich,Development
297975,Barreiro,Izaskun,Development
297980,Angiulli,Danai,Development
297987,Taubenfeld,Abdulla,Development
298036,Trachtenberg,Ung,Development
298077,Berztiss,Marek,Sales
298087,Pluym,Huican,Development
298090,Pelc,Otilia,Sales
298093,Birke,Masanao,Sales
298114,Kemmerer,Doowon,Development
298130,Aloia,Vugranam,Sales
298137,Bashian,Cathie,Sales
298145,Fadgyas,Lubomir,Sales
298149,Bultermann,Narain,Sales
298208,Lipner,Roddy,Sales
298224,Schmiedel,Val,Sales
298232,Keohane,Huai,Development
298247,Comyn,Shan,Sales
298253,Shinomoto,Sven,Development
298276,Sgarro,Zito,Development
298277,Uludag,Mary,Sales
298308,Lamparter,Martijn,Development
298313,Peris,Hitofumi,Development
298318,Pashtan,Navin,Development
298325,Iisaku,Felicidad,Development
298333,Basart,Huican,Sales
298335,Ramsay,Guozhong,Development
298351,Tempesti,Vidar,Development
298358,Chartres,Mingzeng,Development
298387,Albarhamtoshy,Masali,Development
298408,Pardalos,Fusako,Development
298480,Perez,Kristinn,Development
298486,Katalagarianos,Volkmar,Development
298491,Giaccio,Huiqun,Development
298592,Bakhtari,Jiann,Development
298598,Vandervoorde,Bouchung,Sales
298660,Capobianchi,Idoia,Development
298669,Chappelet,Shigenori,Development
298671,Codenie,Sukumar,Development
298687,Tetzlaff,Xinglin,Development
298693,Basawa,Taiji,Development
298700,Monkewich,Teunis,Sales
298701,Quittner,Jayson,Development
298704,Bach,Cedric,Sales
298721,Dengi,Dannz,Sales
298750,Hockney,Maia,Sales
298761,Schicker,Owen,Sales
298770,Heping,Panayotis,Development
298794,Rothe,Mohit,Sales
298796,Perri,Rimli,Development
298802,Muchinsky,Shan,Sales
298835,Scallan,TRUE,Development
298850,Sudkamp,Yuqun,Development
298859,Dehkordi,Shuji,Sales
298872,Narwekar,Weijing,Development
298887,Vadhan,Chenyi,Development
298910,Schneeberger,Toshimo,Development
298915,Schwartzbauer,Djenana,Development
298923,Randt,Shigehiro,Development
298924,Thombley,Noritoshi,Development
298927,Gomatam,Maha,Development
298930,Mellouli,Dinah,Development
298950,Armand,Mabry,Development
298964,Gronowski,Selwyn,Development
298966,Honiden,Renee,Development
298968,Farris,Muneo,Development
298975,Covnot,Saddek,Sales
298992,Guenter,Kauko,Development
299033,Gente,Fei,Sales
299036,Wolniewicz,Geoffrey,Sales
299059,Auyong,Kauko,Development
299061,Krogh,Margareta,Development
299069,Jahnichen,Lijia,Development
299091,Angel,Kinh,Development
299095,Merlo,Zhenbing,Sales
299114,Thisen,Emran,Sales
299130,Chenney,Vitaly,Development
299161,Lalonde,Lech,Development
299162,Georgakopoulos,Rutger,Sales
299164,Rosca,Paddy,Development
299170,Varman,Moty,Development
299200,Fordan,Mamdouh,Development
299217,Sinicrope,Zhonghui,Sales
299219,Gunderson,Fan,Development
299225,Lorho,Hilari,Sales
299228,Thisen,Filipp,Development
299230,Rothenberg,Mohamadou,Development
299247,Tchuente,Takushi,Sales
299267,Auyong,Etsuo,Development
299285,Baby,Conal,Development
299304,Khalid,Geoffry,Sales
299307,Stavenow,Mara,Sales
299313,Sadowski,Shuzo,Sales
299314,Dayang,Shietung,Sales
299329,Brattka,Maja,Sales
299358,Ertl,Karlis,Development
299384,Schiettecatte,Dipankar,Development
299401,Bolsens,Gian,Sales
299416,Luit,Sadegh,Development
299421,Naudin,Heeju,Development
299461,Roison,Mart,Development
299462,Barinka,Chenye,Development
299470,Rousseau,Giap,Development
299489,Bottner,Izaskun,Development
299512,Rusmann,Xudong,Sales
299521,Khalid,Yuqun,Development
299525,Gornas,Yagil,Development
299540,Holburn,Shigehito,Sales
299565,Hinsberger,Shunichi,Development
299569,Casperson,Siamak,Development
299601,Hanabata,Keung,Sales
299608,Schapiro,Sudharsan,Sales
299634,Frezza,Freyja,Sales
299642,Bratsberg,Chaosheng,Sales
299658,Schiper,Jaber,Sales
299688,Plumb,Herbert,Development
299704,Schmittgen,Zhilian,Development
299709,Marrevee,Jinxi,Sales
299725,Holburn,Aamer,Development
299786,Vanwelkenhuysen,Dietrich,Sales
299794,Birta,Feipei,Sales
299796,Reinhart,Duro,Sales
299814,Ritzmann,Kiam,Sales
299827,Perelgut,Shalesh,Sales
299833,Slobodova,Ingemar,Development
299842,Marrakchi,Fusako,Development
299844,Scallan,Nalini,Development
299882,Cangellaris,Macha,Development
299901,Decaestecker,Gianluca,Development
299909,Gunderson,Narain,Sales
299950,Frolund,Tran,Development
299970,Pargaonkar,Yuping,Sales
299974,Ranum,Garnet,Development
400033,Chenney,Munir,Development
400084,Schmittgen,Zorica,Development
400090,Pappas,Miquel,Development
400162,Berendt,Arvind,Development
400172,Bridgland,Xiahua,Development
400173,Mandell,Udi,Development
400203,Neimat,Marl,Development
400208,Schwartzburd,Mrinalini,Development
400223,Mukaidono,Angel,Development
400232,Merle,Mori,Development
400242,Prochazka,Hairong,Sales
400252,Collette,Nalini,Sales
400259,Sidou,Przemyslawa,Development
400267,Sadowski,Shaleah,Development
400280,Bala,Mansur,Development
400299,Haraldson,Anneke,Sales
400339,Varley,Shaibal,Sales
400340,Famili,Gio,Sales
400341,Unni,Shen,Development
400355,Peek,Nathalie,Sales
400356,Comte,Collette,Sales
400362,Luders,Josyula,Sales
400387,Spinelli,Boaz,Sales
400396,Servieres,Garnet,Development
400400,Stassinopoulos,Weiru,Development
400425,Pileggi,Stamatina,Sales
400466,Syrotiuk,Aran,Development
400472,Sinitsyn,Leen,Sales
400478,Lund,Rafols,Sales
400495,Pero,Jixiang,Development
400497,Schaar,Shigeaki,Sales
400500,Mondadori,Mara,Development
400514,Curless,Baruch,Development
400522,Lenart,Tsutomu,Sales
400555,Baer,Percy,Development
400561,Thambidurai,Doowon,Development
400565,Rusterholz,Mark,Sales
400569,Lores,Temple,Development
400570,Ghandeharizadeh,Neelam,Development
400592,Swist,Monique,Sales
400608,Butner,Tsz,Development
400614,Potthoff,Shietung,Development
400639,Birge,Gilbert,Development
400650,Attimonelli,Alselm,Development
400667,Uludag,Remmert,Development
400680,Gerteisen,Ewing,Sales
400696,Orlowska,Lillian,Development
400702,Yamaashi,Edwin,Development
400725,Wegerle,Conor,Development
400764,Melton,Shay,Sales
400808,Schiper,Nathalie,Development
400809,Fujisawa,Hisao,Sales
400830,Suomi,Sumant,Development
400881,Baby,Suebskul,Sales
400932,Binkley,Xiahua,Development
400950,Erie,Otmar,Sales
400957,Worfolk,Yakkov,Development
400966,Percebois,Izaskun,Sales
400975,Gniady,Toshiko,Sales
400983,Rabehasaina,Itzchak,Development
401010,Terkki,Richara,Sales
401017,Provine,Shigeu,Sales
401031,Butner,Xumin,Development
401085,Brobst,Weiye,Development
401086,Linares,Lorien,Sales
401091,Gecsei,Kwangho,Development
401108,Kropp,Takahito,Sales
401125,Rothe,Josyula,Sales
401157,Sewelson,Zhanqiu,Sales
401160,Halevi,Yinghua,Development
401179,Kalloufi,Conrado,Sales
401201,Narahari,Felicidad,Development
401211,Menhoudj,Arch,Development
401261,Szilard,Phule,Sales
401273,Petersohn,Udi,Sales
401279,Farris,Badri,Development
401281,Journel,Guozhong,Development
401286,Rosiles,Bedir,Development
401294,Braccini,Harngdar,Development
401314,Wursthorn,Uno,Development
401326,Cullers,Zorica,Sales
401339,Demeyer,Xuejun,Development
401384,Dulay,Gay,Sales
401448,Ranta,Shunichi,Development
401474,Monkewich,Keung,Development
401494,Hartvigsen,Martial,Sales
401522,Stifter,Richard,Sales
401528,Piazza,Djenana,Development
401555,Zlotek,Otmar,Development
401564,Peha,Frederique,Development
401577,Mapelli,Harngdar,Sales
401583,Gips,Lucian,Sales
401589,Ducloy,Vishwani,Sales
401599,Varker,Erzsebet,Development
401608,Benveniste,Fumiyo,Sales
401634,Jeansoulin,Basant,Development
401657,Cooley,Huican,Development
401672,Strooper,Shen,Development
401678,Frijda,Tomofumi,Sales
401694,Veccia,Tze,Development
401699,Ouhyoung,Zdislav,Sales
401701,Baba,Lucien,Development
401714,Axelband,Tamiya,Sales
401749,Biron,Kiyotoshi,Sales
401759,Ramsay,Kinh,Sales
401775,Parfitt,Mong,Development
401785,Genin,Takanari,Development
401799,Redmiles,Neven,Development
401817,Samarati,Ayakannu,Sales
401839,Makrucki,JoAnne,Development
401843,Miyakawa,Masami,Development
401846,Jakobus,Lunjin,Development
401863,Wolniewicz,Ghassan,Development
401865,Emmart,Eberhardt,Sales
401897,Collette,Hauke,Sales
401900,Waymire,Moon,Sales
401903,Kisuki,Jingling,Development
401908,Bolotov,Mohua,Development
401916,Itzigehl,Chinhyun,Sales
401929,Ramras,Yolla,Sales
401935,Dahlbom,Vincent,Development
401955,Peak,Marie,Sales
401983,Mamelak,Pranay,Sales
402006,Gecsei,Sverrir,Development
402010,Conta,Huican,Development
402011,Hatcliff,Bodo,Sales
402017,Saoudi,Phuoc,Development
402019,Ibel,Gian,Development
402035,Back,Shalesh,Development
402040,Azadmanesh,Morrie,Development
402051,Comyn,Teruyuki,Development
402056,Larfeldt,Bezalel,Sales
402073,Camurati,Moss,Sales
402095,Godskesen,Shigeichiro,Development
402115,Rijckaert,Izaskun,Sales
402116,Sudbeck,Woody,Development
402119,Haldar,Luise,Development
402201,Grabner,Youssef,Sales
402225,Jiang,Tsutomu,Development
402241,Mukaidono,Akhilish,Development
402256,Gini,Nalini,Development
402331,Bhattacharjee,Hidefumi,Sales
402341,Bail,Abdelwaheb,Development
402349,Lipner,Harngdar,Sales
402379,Setiz,Piyush,Development
402386,Soicher,Saniya,Sales
402406,Larfeldt,Mats,Sales
402424,Khalil,Shushma,Development
402425,Kemmerer,Jeanna,Development
402430,Ernst,Atreye,Sales
402486,Scharstein,Krassimir,Development
402533,Rijckaert,Martins,Development
402557,Ozeki,Bernardo,Development
402574,Birge,Chikako,Sales
402585,Swick,Adamantios,Sales
402591,Rosaz,Larisa,Development
402606,Ozeri,Goh,Development
402613,Kirkerud,Maris,Development
402634,Mukaidono,Nidapan,Development
402652,Toyoshima,Zhigen,Sales
402670,Lorys,Demos,Development
402697,Stafford,Elliott,Development
402711,Monarch,Jongsuk,Development
402736,Thibadeau,Pohua,Development
402742,Bamford,Serenella,Development
402750,Hofmeyr,Youjian,Sales
402752,Streit,Seshu,Development
402772,Cronau,Berthier,Development
402780,Perko,Isamu,Sales
402857,Kaiserswerth,Fei,Development
402868,Gimbel,Mitchel,Development
402879,Stiles,Kendra,Development
402888,Kawashimo,Szabolcs,Development
402900,Choobineh,LiMin,Sales
402920,Bernardinello,Peternela,Sales
402941,Himler,Yuqun,Development
402942,Ligten,Adamantios,Sales
403025,Janetzko,Atilio,Development
403027,Mahnke,Dulce,Development
403038,Facello,Mitsuyuki,Sales
403049,Goodrum,Arunachalam,Development
403052,Boyle,Tsz,Sales
403057,Falster,Toney,Development
403064,Kornyak,Berto,Development
403085,Irland,Halsur,Development
403116,Shinomoto,Perla,Development
403220,Flexer,Subhankar,Development
403243,Erez,Shigeo,Development
403247,McFarlin,Alejandra,Development
403270,Cooman,Waiman,Sales
403285,Alameldin,Geoff,Sales
403296,Backhouse,Seongbae,Sales
403339,Reinhart,Yahiko,Development
403362,Staylopatis,Arfst,Development
403379,Setia,Guozhong,Development
403404,McClure,Alair,Development
403405,Clouatre,Manibrata,Development
403409,Iivonen,Fumino,Development
403411,Kadhim,Bingning,Development
403424,Demeyer,Genta,Sales
403457,Percebois,Aloke,Development
403462,Munawer,Tze,Sales
403469,Poehlman,Moon,Sales
403472,Christ,Mart,Development
403477,Rajaraman,Herbert,Sales
403485,Larfeldt,Jeane,Sales
403488,Crelier,Chinya,Sales
403501,Fujisaki,Hatsukazu,Sales
403552,Selvestrel,Gaetan,Sales
403556,Nitsch,Mokhtar,Development
403565,Kalafatis,Zhigen,Development
403586,Hoogerwoord,Toshimi,Sales
403593,Anandan,Lucian,Development
403595,Thimonier,Maris,Development
403647,Chelton,Weiwu,Development
403664,Bugrara,Jeanne,Development
403667,Georgakopoulos,Shimshon,Development
403690,Doering,Phillip,Development
403700,Picco,Cedric,Sales
403740,Garnick,Yakkov,Development
403756,Schonegge,Parke,Development
403798,Wissmann,Achilleas,Development
403806,Piveteau,Phillip,Development
403820,Ratzlaff,Toshimori,Development
403825,Roisin,Jinxi,Development
403836,Syrotiuk,Heng,Sales
403859,Roison,Arunachalam,Development
403860,Senzako,Pragnesh,Sales
403866,Slutz,Vasilii,Development
403867,Chartres,Valeri,Sales
403888,Karner,Qunsheng,Sales
403936,Kuzuoka,Jianwen,Development
403940,Gustavson,Christoper,Development
403955,Makinen,Deniz,Development
403959,Androutsos,Aleksander,Sales
403970,Dusink,Prasadram,Development
403979,Morrin,Xinglin,Sales
403998,Peroz,Yucel,Development
404009,Codenie,Irena,Sales
404014,Improta,Djelloul,Sales
404029,Zizka,Yinlin,Sales
404055,Belinskaya,Weiru,Sales
404057,Decaestecker,Boaz,Development
404061,Denny,Moty,Development
404074,Moehrke,Horward,Development
404089,Kaiserswerth,Yunming,Development
404097,Validov,Shigeu,Development
404105,Cyre,Minghong,Sales
404123,Encarnacion,Arfst,Sales
404140,Kroft,Gou,Development
404171,Berstel,Richara,Sales
404179,Bodoff,Susuma,Development
404188,Schaar,Wojceich,Development
404209,Buescher,Shakhar,Sales
404223,Demian,Erzsebet,Development
404233,Nivat,Baziley,Sales
404234,Nastansky,Khoa,Sales
404238,Varley,Elzbieta,Development
404256,Frijda,Lansing,Development
404302,Baar,Miomir,Sales
404307,Lakshmanan,King,Development
404382,Bardell,Arch,Development
404386,Polupanov,Mani,Development
404430,Stassinopoulos,Turgut,Development
404449,Schnelling,Xiaoqiu,Development
404470,Schrift,Chikara,Development
404490,Comte,Kazuhiro,Development
404493,Ranta,Tadahiko,Development
404502,Hooghiemstra,Gilbert,Development
404542,Pellegrinelli,Kellyn,Development
404584,Kolinko,Gennady,Sales
404611,Griswold,Marc,Development
404613,Munoz,Siamak,Development
404686,Antonisse,Kyoichi,Sales
404708,Mundy,Wilmer,Development
404739,Linnainmaa,Boaz,Sales
404749,Reeken,Jaewoo,Development
404750,Heiserman,Shahaf,Development
404751,Luke,Sreenivas,Sales
404767,Lieblein,Laurentiu,Sales
404773,Krybus,Jeane,Development
404789,Mandell,Shuichi,Development
404813,Yurek,Takushi,Development
404823,Levergood,Vojin,Sales
404854,Riesenhuber,Lena,Development
404855,Hiraishi,Georgy,Development
404858,Srimani,Moty,Development
404859,Gelosh,Koldo,Sales
404875,Meszaros,Khatoun,Sales
404878,Schaaf,Syozo,Sales
404890,Schreiter,Snehasis,Sales
404894,Herath,Weicheng,Development
404902,Mapelli,Bader,Development
404980,Muchinsky,Nitsan,Sales
404996,Baig,Gay,Sales
404998,Cannard,Bedrich,Development
405023,Leivant,Radhia,Sales
405092,Hutton,Yonghong,Sales
405096,Suermann,Lubomir,Development
405104,Georgakopoulos,IEEE,Development
405107,Deville,Claudi,Sales
405123,Walstra,Zeljko,Sales
405140,Adachi,Stella,Development
405146,Kugler,Deniz,Development
405151,Rabejac,Sachin,Development
405170,Rahier,Mrinalini,Development
405175,Smeets,Ulises,Sales
405199,Antonisse,Gou,Sales
405203,Panienski,Muneo,Development
405204,Bade,Kwan,Development
405227,Heijenga,Yannis,Sales
405248,Eugenio,Susanne,Development
405264,Schahn,Moto,Sales
405283,Schueller,Munehiko,Development
405288,Eldridge,Atreyi,Sales
405294,Basawa,Shigenori,Sales
405301,Kulisch,Mayuri,Sales
405337,Sessa,Hideyuki,Development
405382,Mansanne,Kamakshi,Sales
405386,Vigier,Sakthirel,Development
405397,Poujol,Arne,Development
405403,Pusterhofer,Vojin,Sales
405404,Pehl,Zhenbing,Development
405431,Pepe,Gina,Development
405443,Fraisse,Younwoo,Development
405449,Gill,Angel,Development
405453,Peres,Surveyors,Sales
405480,Karcich,Tetsushi,Development
405489,Merks,Weidon,Development
405496,Pramanik,Uriel,Development
405523,Conti,Steen,Development
405536,Baaz,Gor,Development
405577,Middleton,Mads,Development
405583,Reeker,Gretta,Sales
405591,Gulik,Kellyn,Development
405599,Godskesen,Margo,Sales
405608,Zallocco,Wilmer,Development
405630,Vidya,Takahiro,Sales
405651,Ulupinar,Moty,Development
405667,McDermid,Makato,Sales
405693,Calkin,Cathie,Development
405700,Akaboshi,Fen,Development
405705,Gruenwald,Mitchel,Sales
405707,Vural,Kaijung,Development
405714,Hofting,Geoffry,Sales
405736,Birdsall,Zhigen,Sales
405746,Mondadori,Heon,Sales
405753,Nations,Kotesh,Development
405765,Schach,Ult,Sales
405786,Cangellaris,Unal,Development
405830,Foote,Alselm,Development
405832,Bellone,Dante,Development
405833,Kampfer,Sudhanshu,Sales
405848,Zschoche,Constantino,Development
405850,Ghazalie,Wayne,Development
405865,Deville,Naftali,Sales
405870,Honiden,Goetz,Development
405888,Alpay,Leucio,Sales
405903,Heiserman,Sanjeeva,Development
405915,Harllee,Along,Development
405924,Nooteboom,Udi,Development
405931,Hebert,Werner,Sales
405934,Soloway,Xiaoqiu,Development
405940,Crouzet,Kaijung,Development
405955,Kaelbling,Owen,Sales
406009,Portugali,Nigel,Development
406023,Sudkamp,Lobel,Development
406047,Cooley,Erzsebet,Sales
406053,Isaac,Gunilla,Development
406088,Henders,Uzi,Sales
406095,Marchesini,Sushant,Sales
406112,Khalid,Bikash,Development
406119,Gist,Vidar,Development
406120,Merro,Leah,Development
406131,Kuhnemann,Ibibia,Development
406151,Mahnke,Uinam,Development
406175,Tsunoo,Masako,Development
406183,Schnelling,Qunsheng,Development
406206,Heemskerk,Garnet,Sales
406216,Ciolek,Qiwen,Sales
406228,Decleir,Hongzue,Development
406238,Range,Navin,Development
406269,Zastre,Bangqing,Sales
406289,Kuzuoka,Aral,Sales
406293,Gurbaxani,Rosita,Sales
406304,Francisci,Kauko,Sales
406310,Glowinski,Fuqing,Development
406318,Gunderson,Hitomi,Development
406325,Kawashimo,Jeong,Development
406344,Grabner,Seshu,Development
406356,Fujisaki,Otmar,Development
406376,Schaaf,Weiru,Sales
406384,Bouloucos,Bernt,Sales
406412,Guerreiro,Sushant,Sales
406416,Birsak,Erez,Development
406420,Thummel,Gaetan,Development
406422,Rikino,Udo,Sales
406428,Otillio,Subir,Development
406433,Gill,Gay,Development
406436,Leonhardt,Ugo,Development
406439,Usery,Bedir,Sales
406440,Parveen,Moty,Sales
406457,Farrag,Kwun,Development
406495,Bernardeschi,Pintsang,Development
406516,Lamba,Juyoung,Sales
406521,Zongker,Lunjin,Development
406530,Broder,Khalil,Development
406559,Huxford,Amabile,Development
406569,Underwood,Shmuel,Development
406587,Anick,Xuejia,Sales
406588,Ozeki,Arto,Development
406611,Vrecion,Rafols,Development
406622,Pollock,Duri,Development
406672,Demos,Rosella,Development
406703,Cherinka,Foong,Development
406713,Peha,Zhonghua,Development
406739,Baby,Demin,Development
406752,Antonakopoulos,Masaru,Sales
406758,Brandsma,Nevio,Sales
406768,Montresor,Fumiko,Development
406779,Mandelberg,Yagil,Development
406803,Baba,Takanari,Development
406804,Thebaut,Jackson,Development
406806,Plavsic,Shichao,Development
406843,Pargaonkar,Troy,Development
406853,Couchot,Sachio,Development
406854,Besancenot,Reinhold,Development
406884,Peltason,Xiping,Sales
406888,Warwick,Oddvar,Development
406915,Marakhovsky,Mingzeng,Development
406922,Piazza,Denis,Development
406935,Jansen,Arunachalam,Development
406957,Rosin,Sangeeta,Development
406973,Weedon,Adly,Sales
406980,Panangaden,Jacopo,Sales
406999,Srimani,Jasminko,Development
407002,Peyn,Kenton,Sales
407007,Shobatake,Bluma,Development
407013,Jiafu,Oldrich,Development
407027,Karner,Bernardo,Development
407051,Azuma,Mads,Development
407071,Matheson,Cordelia,Sales
407116,Lorho,Bokyung,Sales
407125,Taneja,Gila,Sales
407133,Benzmuller,Terresa,Development
407137,Morrey,Elliott,Sales
407185,Christianini,Xinyu,Development
407192,Figueira,Mizuhito,Development
407219,Eldridge,Ramachenga,Development
407229,Ballarin,Narain,Development
407240,Bach,Khue,Sales
407253,DuBourdieux,Kristina,Sales
407327,Kaelbling,Zdislav,Development
407335,Krychniak,Niteen,Development
407368,Garnick,Morris,Sales
407374,Hellwagner,Ziva,Development
407382,Sadowsky,Moon,Sales
407385,Silva,Fumitaka,Development
407389,Fordan,Garnet,Development
407398,Azuma,Uwe,Sales
407411,Baby,Shaowei,Development
407413,Driscoll,Filipe,Development
407419,Pietracaprina,Xiahua,Sales
407421,Penn,Shigehito,Development
407424,Hoppenstand,Sastry,Development
407435,Ellozy,Fumiya,Development
407454,Braccini,Masato,Development
407467,Huxford,Kiyotoshi,Sales
407487,Frezza,Aloys,Development
407499,Schapire,Suebskul,Development
407504,Levasseur,Shigehiro,Sales
407562,Budinsky,Bodh,Sales
407565,Backhouse,Shuky,Sales
407567,Tramer,Gully,Sales
407594,Cannard,Carrsten,Sales
407636,Dulay,Fumino,Sales
407642,Oberman,Jiakeng,Development
407649,Waeselynck,Uriel,Sales
407653,Baezner,Hitomi,Sales
407654,Ghemri,Shaowei,Sales
407671,Lanteri,Achilleas,Development
407697,Hiroyama,Barun,Development
407730,Vilarrasa,Marlo,Sales
407766,Schmittgen,Yoshinari,Sales
407770,Szilard,Jackson,Development
407786,Roohalamini,Yechiam,Development
407802,Zedlitz,Sadun,Development
407803,Chaudhury,Khatoun,Sales
407807,Sanella,Udi,Development
407821,Famili,Mabo,Sales
407828,Sundgren,Xinglin,Sales
407860,Hartvigsen,Yannis,Development
407886,Riexinger,Shmuel,Sales
407896,Staudhammer,Shai,Development
407951,Olano,Youngkon,Sales
407972,Huxford,Sachar,Development
407980,Munos,Gopalakrishnan,Sales
407983,Plotkin,Khun,Development
407987,Rindone,Khoa,Development
407991,Redmiles,Marco,Sales
408006,Gniady,Hinrich,Development
408050,Veeraraghavan,Heejo,Sales
408058,Murthy,Basant,Development
408113,Gips,Lidong,Development
408137,Rousseau,Sakthirel,Development
408159,Milicia,Luisa,Sales
408167,Demizu,Greger,Sales
408181,Emden,Zhigen,Sales
408194,Kawashima,Patricio,Development
408197,Zultner,Dietrich,Sales
408208,Senzako,Xuejia,Sales
408212,Potthoff,Tomofumi,Development
408215,Matzat,Aruna,Development
408216,Acton,Shridhar,Sales
408217,Schneeberger,Eben,Development
408228,Rosen,Valeska,Development
408247,Stenning,Tamiya,Sales
408251,Erdmenger,Christ,Development
408257,Rusterholz,Moriyoshi,Development
408267,Lieblein,Uri,Development
408277,Baez,Bokyung,Sales
408299,Litecky,Hatsukazu,Development
408317,Unno,Roselyn,Development
408324,Argence,Shigehito,Sales
408328,Melton,Karlis,Sales
408339,Seiwald,Yolla,Sales
408348,Zeilberger,Syozo,Sales
408354,Pappas,Bowen,Sales
408363,Gente,Tsutomu,Sales
408452,Valette,Toshimori,Development
408464,Dalphin,Leandro,Development
408470,Schueller,Brendon,Development
408474,Krohn,Rosli,Sales
408536,Saoudi,Kotesh,Sales
408551,Schiper,Abdulah,Sales
408557,Reinhart,Anwar,Development
408563,Kakkad,Ayakannu,Development
408577,Schwabacher,Ibibia,Sales
408589,Pietrzykowski,Chikako,Development
408591,Pouyioutas,Lorien,Development
408592,Itzigehl,Neelam,Development
408608,Skafidas,Hyuncheol,Sales
408613,Angelov,Mart,Development
408621,Jiang,Masaru,Sales
408662,Erva,Rildo,Development
408672,Domenig,Eran,Development
408690,Terekhov,Vidya,Development
408721,Bottner,Moss,Sales
408729,Hofman,Yishai,Development
408742,Aumann,Janalee,Development
408763,Tzvieli,Kerryn,Development
408771,Munro,Chanjung,Sales
408807,Tanemo,Hsiangchu,Sales
408822,Farrag,Baziley,Sales
408825,Nitta,Alair,Development
408858,Conia,Vojin,Development
408867,Gente,Renee,Sales
408868,Milicic,Tuval,Sales
408870,Molenkamp,Duke,Development
408885,Bellone,Dulce,Development
408922,Gulak,Bernardo,Development
408925,Kemmerer,Takahito,Development
408938,Klerer,Along,Development
408944,Milicic,Tsz,Development
408948,Munoz,Arve,Development
408956,Zlotek,Claudi,Sales
408959,Linnainmaa,Richard,Sales
408967,Gomatam,Prasadram,Development
408986,Kilgour,Yannik,Development
409011,Morton,Ramya,Sales
409028,Hebden,Steve,Sales
409039,Smeets,Sergi,Sales
409072,Kroha,Vatsa,Development
409120,Sifakis,Panayotis,Sales
409121,Unno,Jaewon,Development
409123,Schaft,Abdelwaheb,Development
409145,Merey,Steve,Development
409153,Backhouse,Arie,Sales
409162,Narwekar,Nevio,Sales
409188,Bonifati,Xianlong,Development
409236,Cannane,Wilmer,Development
409256,Herbst,Zine,Development
409267,Roisin,Zijian,Development
409271,Falby,Anyuan,Development
409274,Carrera,Jacqueline,Sales
409303,Gulik,DeForest,Sales
409320,Hofstetter,Leandro,Development
409321,Isaac,Kiyotoshi,Development
409347,Jarecki,Chandrasekaran,Development
409385,Speel,Jolita,Sales
409428,Paludetto,Nechama,Development
409436,Heinisuo,Aruna,Sales
409451,Eterovic,Sudhanshu,Development
409518,Nitto,Duangkaew,Development
409522,Cheshire,Gadiel,Development
409547,Lenart,Aksel,Development
409551,Stentiford,Iara,Sales
409555,Vandervoorde,Sanjai,Development
409563,Sidhu,Yongmin,Development
409607,Woycyznski,Qiwen,Sales
409625,Lindenbaum,Serif,Development
409626,Picci,Danny,Sales
409633,Kroon,Jaana,Development
409648,Mukaidono,Kenton,Development
409654,Buescher,Jagoda,Development
409656,Krychniak,Oksana,Development
409673,Reistad,Otilia,Development
409694,Aloisi,Chenye,Development
409717,Zyda,Xiaoqiu,Development
409726,Makrucki,Kyoichi,Development
409731,Ranft,Djenana,Development
409738,Hainaut,Torsten,Development
409765,Bernardinello,Shietung,Development
409767,Ruther,Maja,Sales
409777,Beerel,Jenwei,Sales
409841,Brodal,Dharmaraja,Sales
409935,Gronowski,Howell,Development
409948,Daescu,Gad,Development
409983,Bach,Yinghua,Sales
410009,DuBourdieux,Hausi,Development
410011,Selvestrel,Lunjin,Sales
410029,Lung,Martins,Development
410054,Shigei,Margo,Development
410101,Yeung,Debaprosad,Development
410106,Mungall,Ger,Sales
410117,Beausoleil,Fumiyo,Sales
410129,Ranst,Goetz,Sales
410148,Stanger,Alagu,Development
410184,Mondadori,Sandeepan,Development
410201,Prenel,Hein,Development
410236,Fujisaki,Guther,Development
410255,Anguita,Somnath,Sales
410262,Nergos,Tristan,Development
410265,Beausoleil,Alper,Sales
410304,Encarnacion,Gaurav,Development
410307,Simmen,Aleksander,Sales
410316,Ratnaker,Oddvar,Development
410347,Zschoche,Marsja,Development
410356,Belinskaya,Yongqiao,Sales
410365,Eldridge,Mayuko,Sales
410415,Chenney,Marsal,Sales
410418,Dahlbom,Adas,Development
410430,Rusterholz,Tadahiro,Sales
410436,Perfilyeva,Uriel,Development
410444,Hasham,Khoa,Development
410514,Compeau,Bernice,Development
410553,Varman,Sanjay,Development
410562,Miculan,Youssef,Development
410581,Oxenboll,Yannik,Development
410603,Melter,Peternela,Development
410609,Scallan,Kannan,Development
410618,McConalogue,Boutros,Development
410638,Lieberherr,Baoqiu,Development
410662,Luon,Piyush,Sales
410668,McDermid,Yishay,Development
410706,Dymetman,Dhritiman,Development
410720,Pargas,Akeno,Sales
410733,Passafiume,Gill,Sales
410744,Papsdorf,Murthy,Sales
410775,Thebaut,Luerbio,Sales
410794,Cyne,Sangeeta,Development
410795,Plessier,Kaijung,Development
410799,Bernick,Paddy,Development
410813,Monarch,Eckart,Development
410824,Warwick,Satosi,Sales
410857,Lamba,Anestis,Sales
410877,Assaf,Lunjin,Development
410890,Gelosh,Mads,Sales
410899,Litecky,Shuji,Development
410902,Perng,Masaki,Development
410936,Christ,Shaunak,Development
410938,Borstler,Kensyu,Sales
410966,Cooman,Juichirou,Sales
411024,Syrzycki,Bowen,Sales
411030,Kulisch,Slavian,Development
411036,Hofstetter,Florina,Development
411055,Yurek,Pragnesh,Development
411081,Selvestrel,Zeydy,Development
411103,Uchoa,Muzhong,Development
411137,Levasseur,Nadjib,Development
411139,Sevcikova,Muneo,Sales
411155,Kavanagh,Ult,Development
411177,Gien,Goa,Development
411198,Socorro,Jouni,Development
411252,Stafford,Gaetan,Sales
411255,Lores,George,Development
411276,Stanfel,Kasturi,Development
411284,Lubachevsky,Perry,Development
411290,Fabrizio,Turgut,Development
411302,Negoita,George,Development
411377,Junet,Arto,Sales
411428,Speckmann,Sverrir,Development
411437,Kriebel,Zhilian,Development
411447,Bernick,Brewster,Development
411482,Petersohn,Shaunak,Development
411484,Bain,Arvin,Development
411512,Cappelli,Mats,Sales
411539,Pearson,Guangming,Development
411544,Legleitner,Byong,Sales
411545,Sadowsky,Pranav,Development
411626,Angiulli,Georg,Development
411643,Billawala,Kankanahalli,Sales
411644,Collette,Yonghoan,Sales
411654,Swick,Shahid,Development
411655,Valette,Nahum,Development
411660,Serdy,Lansing,Development
411684,Ravishankar,Mara,Development
411752,Nitsche,Remko,Development
411759,Biros,Prasadram,Development
411834,Beetstra,Fusako,Sales
411858,Baaz,Weiye,Sales
411863,Dratva,Eberhardt,Sales
411869,Sherertz,Serenella,Sales
411879,Kulisch,Amstein,Sales
411881,Jording,Jiang,Sales
411891,Beeson,Karsten,Development
411897,Wilharm,Suebskul,Development
411900,Wynblatt,Mari,Sales
411905,Cronin,Basim,Sales
411908,Fadgyas,Leaf,Sales
411915,Tzvieli,Urs,Development
411943,Neiman,Steen,Development
411948,Rijsenbrij,Eldridge,Sales
411962,Murillo,Tooru,Sales
411971,Magalhaes,Sugwoo,Development
411985,Geffroy,Toshiko,Development
411990,Renear,Luigi,Sales
411994,Czap,Lihong,Development
412010,Pietrzykowski,Taegyun,Development
412012,Anandan,Mara,Sales
412050,Malabarba,Marie,Sales
412072,Rindone,Bezalel,Sales
412081,Murthy,Tooru,Development
412093,Engelmann,Avishai,Sales
412105,Siksek,Teiji,Sales
412129,Fortenbacher,Sanjeeva,Development
412141,Bernick,Arun,Sales
412155,Hiraishi,Kwok,Development
412164,Merro,Slavian,Sales
412166,Hitomi,Vesna,Sales
412183,Zyda,Gou,Development
412234,Pintelas,Khalid,Development
412243,Gammage,Sarita,Sales
412282,Cromarty,Nitsan,Sales
412289,Lorcy,Golgen,Sales
412295,Scharstein,Bezalel,Sales
412303,Kusakari,Sanjai,Sales
412305,Coombs,Tetsurou,Sales
412319,Ibel,Kazuhito,Sales
412340,Litecky,Alain,Development
412350,Chiola,Felicidad,Development
412355,Nannarelli,Arlette,Development
412371,Delgrossi,Elzbieta,Sales
412401,Pietrzykowski,Elzbieta,Development
412403,Angot,Mingdong,Development
412412,Lamba,Lijia,Development
412444,Fritzsche,Gio,Development
412454,Fraisse,Dmitri,Development
412459,Stroustrup,Iara,Development
412479,Talmon,Bangqing,Development
412520,Thiran,Moon,Sales
412549,Journel,Mari,Sales
412560,Barinka,Mari,Sales
412563,Zschoche,Petter,Sales
412592,Luit,Takahiro,Development
412595,Pearson,Rasikan,Development
412602,Akiyama,Kasidit,Development
412631,Tetzlaff,Gian,Development
412655,Gniady,Yuqun,Sales
412656,Zykh,Gunilla,Sales
412667,Mapelli,Kaijung,Development
412674,Chaudhury,Tristan,Sales
412702,Parhami,Tran,Sales
412704,Panangaden,Gen,Development
412705,Rohrbach,Rosella,Development
412737,Beilner,Pantung,Sales
412800,Peha,Goetz,Sales
412857,Marchesini,Jacqueline,Sales
412866,Lyonns,Torsten,Sales
412869,Chinin,Miomir,Development
412871,Bazzichi,Yucel,Sales
412912,Rousseau,Dmitry,Development
412917,Cannane,Arif,Development
412927,Yemenis,Marie,Development
412943,Hanabata,Siddarth,Development
412949,Plotkin,Falguni,Development
412951,Barriga,Paris,Sales
412962,Smailagic,Valter,Development
412974,Wursthorn,Conor,Development
412988,Fendler,Odysseas,Development
412993,Berstel,Hsiangchu,Development
413001,Monkewich,Nitsan,Sales
413003,Heyers,Yifei,Development
413020,Falby,Luigi,Development
413039,Vesel,Diederik,Development
413066,Neimat,Rayond,Development
413105,Manderick,Alper,Development
413134,Denos,Sachem,Development
413141,Erdi,Masamitsu,Development
413146,Peot,Yifei,Development
413160,Felcyn,Tadanori,Sales
413162,Merks,Turgut,Development
413166,Salverda,Koldo,Sales
413184,Asmuth,Moon,Sales
413190,Thebaut,Karlis,Development
413192,Andreotta,Patricia,Development
413195,Halloran,Sachin,Development
413217,Waschkowski,Phule,Development
413267,dAstous,Feiyu,Development
413272,Comellas,Xianlong,Development
413333,Spell,Martijn,Sales
413343,Saoudi,Terresa,Development
413396,Ullian,Arumugam,Development
413410,Matzen,Yongmao,Development
413420,Lamba,Jeong,Development
413441,Koshiba,Fumiko,Sales
413454,Einsfeld,Haldon,Development
413468,Czaja,Kristina,Development
413480,Peac,Mang,Development
413496,Acton,Naftaly,Sales
413501,Hartvigsen,Visit,Sales
413549,Henseler,Jouko,Sales
413566,Massonet,Teunis,Development
413576,Luce,Susumu,Sales
413608,Serra,Mantis,Development
413611,Granlund,Vasiliy,Development
413624,Simmel,Rayond,Sales
413629,Aingworth,Kasturi,Sales
413642,Bergere,Elliott,Sales
413644,Picht,Hatsukazu,Development
413649,Farrel,Teruyuki,Development
413650,Koyama,Yuichiro,Development
413668,Vuskovic,Kwangyoen,Sales
413671,Moehrke,Aral,Sales
413686,Oskamp,Youngkon,Development
413690,Radwan,Alejandro,Development
413696,Sundgren,Baoqiu,Development
413708,Krzyzanowski,Arnould,Sales
413755,Munke,Serap,Development
413774,Butterworth,Jacqueline,Sales
413775,Heuser,Kensyu,Development
413791,Zaumen,Jiong,Sales
413801,Beeson,Francesca,Development
413825,Ertl,Divine,Development
413833,Krupka,Kannan,Sales
413876,Birrer,Tianruo,Sales
413911,Karlin,Siamak,Development
413914,Covnot,Rajmohan,Development
413919,Nergos,Shushma,Sales
413923,Koshino,Jaihie,Development
413927,Ressouche,Erez,Development
413930,Ferriere,Gil,Development
413967,Peyn,Sandeepan,Development
413985,Coombs,Neelam,Sales
414054,Suppi,Yongdong,Development
414088,Marakhovsky,Khun,Sales
414099,Alpin,Sadok,Development
414130,Gyimothy,Etsuo,Development
414131,Neiman,Taisook,Sales
414140,Vickson,Leucio,Sales
414147,Matzat,Jianwen,Development
414163,Conte,Sorina,Development
414173,Jonsson,Gina,Sales
414180,Dengi,Kinh,Sales
414188,Juneja,Taizo,Sales
414208,Steenbeek,Mingsen,Development
414228,Maksimenko,Abdulla,Development
414252,Pouyioutas,Sedat,Sales
414255,Spelt,Mats,Sales
414256,Nannarelli,Rosalie,Development
414265,Cunliffe,Shigeichiro,Development
414269,Flowers,Jamaludin,Sales
414286,Stiles,Remmert,Development
414344,Lichtman,Saeko,Development
414380,Raoux,Zhonghua,Development
414398,Rosti,Peer,Development
414400,Dayang,Stella,Sales
414409,Maksimenko,Boguslaw,Development
414421,Griswold,Shai,Development
414442,Ashish,Jiafu,Development
414472,Roisin,Alassane,Development
414482,Baalen,Maya,Sales
414492,Azevdeo,Emdad,Development
414501,Kobara,Arto,Development
414508,Rosaz,Yonghoan,Development
414510,Maksimenko,Zhonghui,Development
414544,Alvarado,Bowen,Development
414593,Siegrist,Masaru,Development
414604,Snedden,Pranjal,Development
414608,Undy,Pranjal,Sales
414644,Passino,Janalee,Development
414645,Boguraev,Mingzeng,Sales
414666,Alpay,Fai,Sales
414705,Bernatsky,Shaz,Development
414708,Wielonsky,Gift,Development
414721,Kieras,Shigeu,Sales
414724,Bottner,Phuoc,Sales
414727,Weisert,Rimli,Development
414741,Hasham,Branimir,Development
414772,Raney,Fumiya,Development
414774,Ginneken,Haldon,Development
414841,Smeets,Wuxu,Development
414844,Stroustrup,Genevieve,Development
414871,Glowinski,Chanjung,Development
414917,Delgrange,Chikara,Sales
414936,Segond,Heejo,Development
414959,Birta,Tristan,Development
414962,Denny,Hilari,Development
414995,Boyle,Pranas,Development
415015,Pokrovskii,Anyuan,Development
415029,Butner,Masaki,Sales
415043,Hopewell,Zhenhua,Development
415073,Uehara,Luerbio,Development
415117,Gente,Sudhanshu,Sales
415124,Dalphin,Sugwoo,Development
415134,Minakawa,Conal,Sales
415152,Danecki,Jongsuk,Sales
415157,Ananiadou,Insup,Sales
415204,Kaltofen,Sachem,Development
415206,Heyers,Takahiro,Sales
415224,Syrotiuk,Rutger,Development
415243,Riexinger,Neven,Sales
415251,Noriega,Domenick,Development
415295,Katalagarianos,Tran,Sales
415343,Marchegay,Lobel,Development
415356,Hofting,Mostafa,Sales
415365,Negoita,Dipankar,Sales
415374,Hofting,Shushma,Development
415375,Sgarro,Xinyu,Sales
415376,Range,Sungwon,Development
415392,Denis,Lihong,Development
415403,Masand,Uri,Sales
415404,Gonthier,Zhongwei,Development
415424,Savasere,Adhemar,Sales
415442,Passino,Udaiprakash,Development
415452,Lalonde,Shahab,Sales
415455,Rosiles,Kiyomitsu,Sales
415458,Ponthieu,Dekang,Sales
415477,Cronau,Serap,Sales
415481,Ulupinar,Branimir,Development
415483,Beeson,Marko,Sales
415486,Comyn,Shahar,Sales
415495,Luef,Kiam,Development
415512,Sifakis,Marin,Development
415518,Nicolson,Jinpo,Development
415526,Blokdijk,Sailaja,Sales
415554,Panienski,Goh,Sales
415555,Bala,Yuchang,Development
415558,Argence,Gurbir,Development
415574,Gimbel,Adas,Development
415577,Kumaresan,Magdalena,Development
415578,Setia,Nevin,Development
415615,Bisiani,Elvia,Development
415651,Klyachko,Zsolt,Development
415661,Schiper,Fen,Development
415696,Hofstetter,Ute,Development
415703,Axelband,Martina,Development
415716,Ciolek,Yucai,Development
415731,Aloisi,Uta,Development
415733,Herath,Aamod,Development
415741,Suwa,Anneli,Development
415746,Egerstedt,Miyeon,Development
415769,Brandsma,Nevin,Development
415770,Murrill,Shigenori,Development
415773,Hartvigsen,Martien,Sales
415791,Polupanov,Sergi,Development
415800,Bratsberg,Otilia,Sales
415817,Hutter,Wonhee,Development
415859,Gonthier,Leon,Sales
415861,Dalton,Marla,Development
415865,Fujisawa,Beshir,Development
415867,Erev,Shuji,Sales
415890,Melski,Zhonghui,Development
415892,Munch,Arvind,Sales
415904,Matzov,Howell,Development
415912,Begiun,Gadiel,Development
415924,Moehrke,Eran,Development
415950,Bonifati,Nathan,Sales
415962,Kolinko,Anoosh,Sales
415994,Flanders,Qunsheng,Development
416004,Uchoa,Huiqun,Development
416018,Aloia,Fen,Sales
416026,Molenaar,Inderjeet,Sales
416032,Schicker,Patricio,Sales
416038,Dayang,Chaoyi,Development
416042,Lorcy,Katsuo,Development
416044,Schaad,Gro,Development
416076,Junet,Kenton,Sales
416096,Ginneken,Nobuyoshi,Development
416128,Wrigley,Uli,Development
416136,Reinhard,Yonghoan,Sales
416166,Rosenbaum,Yuriy,Sales
416174,Kuhnemann,Shay,Development
416204,Murillo,Amalendu,Development
416217,Streng,Holgard,Development
416260,Baezner,Flemming,Development
416288,Khalid,Ramalingam,Development
416312,Petereit,Baruch,Sales
416319,Chimia,Duro,Sales
416330,Pollock,Candida,Sales
416388,Leslie,Gad,Development
416396,Flanders,Oldrich,Sales
416421,Strooper,Zijian,Sales
416469,Negoita,Kristina,Sales
416470,Katiyar,Tzvetan,Sales
416487,Anick,Marsja,Sales
416518,Rosenbaum,Dzung,Development
416522,Mikschl,Hauke,Sales
416559,Zucker,Patricia,Development
416568,Usery,Dannz,Development
416573,Leaver,Berhard,Development
416584,Kleiser,JoAnna,Sales
416589,Bakhtari,Jianhua,Development
416606,Sadowsky,Salvador,Sales
416623,Keustermans,Heeju,Development
416663,Beeson,Chiranjit,Development
416690,Mahmud,Ulf,Sales
416694,Remmele,Ebru,Development
416768,Chelton,Yuchang,Development
416788,Hoogerwoord,Apostol,Sales
416795,Wossner,Aksel,Sales
416819,Slutz,Ulf,Development
416827,Binkley,Nevio,Development
416834,Riefers,Angel,Development
416836,Erev,Gino,Development
416864,Shiratori,Chiradeep,Sales
416879,Schrooten,Bluma,Sales
416880,Felder,Shuichi,Sales
416889,Menyhert,Shay,Sales
416893,Landherr,Malu,Development
416899,Heijenga,Abdelghani,Development
416920,Kossowski,Ekawit,Sales
416924,Ambroszkiewicz,Vishwani,Sales
416948,Peac,Reinhard,Sales
416980,Meszaros,Qunsheng,Sales
417000,Shokrollahi,Baruch,Development
417039,Feldmann,Chrisa,Sales
417090,Schaaf,Takahira,Sales
417120,Ghelli,Candido,Development
417123,Ramsak,Shao,Sales
417129,Edelhoff,Kousuke,Sales
417146,Caine,Anneke,Development
417170,Delgrange,Paloma,Development
417186,Bernick,Alejandra,Development
417190,Cooman,Atreyi,Sales
417201,Matzke,Baruch,Development
417206,Crouzet,Ramachenga,Sales
417216,Brlek,Jacqueline,Development
417247,Farrar,Udaiprakash,Development
417275,Middleton,Mohammed,Sales
417276,Deville,Howell,Development
417279,Gischer,Mariangiola,Development
417286,Fordan,Mabo,Development
417302,Uchoa,Valeri,Development
417328,Molenaar,Xinyu,Sales
417338,Staelin,Huican,Sales
417376,Hertweck,Leszek,Sales
417427,Lores,Doohun,Sales
417436,Quittner,Avishai,Development
417462,Emmart,Yagil,Development
417510,Ernst,Yonghong,Sales
417521,Strandh,Billur,Development
417528,Welham,Eirik,Sales
417553,Langford,Moheb,Development
417555,Coors,Zejun,Development
417556,Zlotek,Hiroyasu,Development
417576,Murtagh,Adhemar,Sales
417586,Leslie,Qiwen,Sales
417595,Roccetti,Maik,Sales
417633,Cappelletti,Aemilian,Sales
417662,Halloran,Tuval,Sales
417663,Stassinopoulos,Muzhong,Sales
417666,Ranst,Heping,Development
417674,Felcyn,Felicidad,Sales
417704,Erdmenger,Sajjad,Sales
417705,Lammel,Kousuke,Sales
417718,Chinin,Breannda,Development
417721,Back,Aron,Development
417737,Picaronny,Ortrun,Sales
417747,Parhami,Yucel,Development
417751,Perelgut,Saddek,Development
417776,Gruenwald,Shuzo,Development
417777,Picel,Vitali,Sales
417785,Ranst,Suebskul,Development
417796,Nitta,Feipei,Development
417807,Doering,Uinam,Sales
417826,Portugali,Dung,Development
417828,Besancenot,Marjo,Development
417830,Androutsos,Geoff,Sales
417841,Sridhar,Freyja,Sales
417842,Khalil,Mart,Development
417874,McAlpine,Sandeepan,Development
417876,Milicic,Hirochika,Development
417914,Luck,Brendon,Sales
417923,Negoita,Jahangir,Development
417940,Assaf,Uri,Sales
417944,Serra,Kristinn,Development
417959,Diderrich,Gino,Sales
418000,Alpin,Yuichiro,Sales
418019,Ecklund,Kristina,Sales
418039,Ramalingam,Shuichi,Sales
418073,Ariola,Jiang,Development
418094,Kolvik,Mona,Sales
418095,Azevdeo,Avishai,Development
418125,Baar,Khun,Sales
418145,Sommer,Rafael,Development
418218,Baig,Sariel,Development
418254,Beilner,Masamitsu,Development
418329,Eiron,Aiichiro,Sales
418339,Wendorf,Mamdouh,Development
418361,Hagimont,Oguz,Development
418386,Cannata,Gianluca,Development
418429,Litvinov,Zissis,Development
418480,Anguita,Ranan,Development
418491,Constantine,Aram,Sales
418497,Goodrum,Shaowei,Development
418515,Chachaty,Naftali,Sales
418526,Rubsam,Sajjad,Sales
418533,Marsiglia,Arve,Development
418536,Weiland,Mark,Development
418542,Manderick,Mong,Development
418605,Kornatzky,Flemming,Development
418648,Maierhofer,Stamatina,Development
418659,Barreiro,Basim,Development
418671,Calkin,Xiaoshan,Sales
418683,Lagarias,Tsuneo,Sales
418703,Cairo,Mabo,Development
418716,Linnainmaa,Marke,Sales
418733,Velasco,Barun,Development
418799,Kakkar,Uzi,Sales
418811,Unni,Xiaopeng,Development
418835,Bruckman,Oguz,Sales
418855,Granlund,Piyawadee,Sales
418857,Uehara,Mani,Sales
418870,Dulli,Garnik,Sales
418901,Kabayashi,Lucien,Sales
418922,Ventosa,Shunichi,Sales
418938,Vrecion,Elgin,Sales
418974,Sethi,Dung,Development
418986,Warwick,Kwangho,Development
419000,Sluis,Subhada,Sales
419052,Trumbly,Uno,Development
419062,Walstra,Stafford,Development
419065,Manderick,Arvind,Sales
419078,Bolotov,Shiv,Sales
419084,Aamodt,Shen,Development
419123,Hutter,Marit,Development
419133,Kandlur,Kerhong,Development
419135,Swen,Odysseas,Development
419136,Slaats,Jagoda,Development
419137,Lundstrom,Emdad,Development
419153,Waleschkowski,Brewster,Development
419157,Ruemmler,Visit,Sales
419180,Rettelbach,Shigeaki,Development
419186,Pietracaprina,Zhiwei,Development
419263,Ramsay,Wojceich,Development
419270,Kornyak,Fen,Development
419272,Ghalwash,Waiman,Development
419277,Uhrig,Freyja,Development
419282,Schrooten,Hatem,Development
419296,Delgrande,Fumiyo,Development
419330,Einsfeld,Kaijung,Sales
419359,Slutz,Arie,Development
419365,Sommen,Shuichi,Development
419374,Pollacia,Yoshinari,Sales
419387,Lichtman,Frazer,Development
419463,Rikino,Kinh,Development
419469,Angot,Subhankar,Sales
419477,Constantine,Nevio,Sales
419499,Dulin,Honesty,Development
419521,Furudate,Takushi,Sales
419527,Krybus,Idoia,Development
419533,Ermel,Ghassan,Development
419534,Demizu,Odoardo,Development
419550,Delgrossi,Falguni,Development
419569,Shanbhogue,Mohit,Development
419578,Ullian,Elgin,Sales
419585,Pezzoli,Ramachenga,Sales
419593,Reeken,Xiaoqiang,Development
419605,Matzat,Jiakeng,Development
419621,Marsiglia,Mong,Development
419638,Birsak,Lein,Sales
419669,Monarch,Florina,Sales
419681,Merks,Arve,Development
419716,Henders,Lakshmi,Development
419717,Tsunoo,Rosalie,Development
419726,Bellone,Rosita,Development
419748,Rindone,Jixiang,Development
419753,Ebeling,Divine,Development
419767,Penz,Uma,Sales
419770,Weedman,Tadahiro,Development
419781,Karnin,Jordanka,Sales
419787,Bahl,Shahar,Development
419818,Emiris,Sanjoy,Sales
419842,Picel,Kamran,Development
419844,Blokdijk,Yefim,Sales
419907,Rajaraman,Tayeb,Sales
419911,Hofstetter,Seongbin,Sales
419912,Kolvik,Jeanne,Development
419934,Cronin,Ramachenga,Development
419954,Katalagarianos,Yakkov,Development
419960,Heping,Chikako,Development
419986,Belinskaya,Cristinel,Development
419991,Perelgut,Branimir,Development
419992,Kenevan,Mototsugu,Sales
420013,Syang,Pranav,Sales
420030,Vidal,Arun,Sales
420032,Godskesen,Frederique,Development
420034,Beilner,Pascal,Sales
420052,Chinal,Kwangjo,Development
420053,Chimia,Kaijung,Development
420055,Munoz,Randi,Development
420073,DeMori,Spyrose,Development
420074,Gire,Kerryn,Development
420092,Impagliazzo,Prodip,Development
420158,Henders,Jasminko,Sales
420187,Picht,Adit,Development
420192,Cooke,Tadahiro,Development
420232,Heystek,Claudi,Sales
420242,Hanratty,Nalini,Development
420314,Demke,Oguz,Development
420315,Zallocco,Ziyad,Development
420352,Krohn,Matk,Sales
420358,Ressouche,Huei,Sales
420362,Cooley,Uinam,Sales
420363,Garrabrants,Seongbae,Sales
420372,Compeau,Adit,Development
420390,Pillow,Mostafa,Sales
420394,Worfolk,Khun,Sales
420423,Guerreiro,Niclas,Development
420438,Farrel,Danae,Development
420478,Kranzdorf,Jaihie,Development
420492,Versino,Arie,Development
420499,Picaronny,Alenka,Sales
420509,Mahmud,Dzung,Sales
420520,Antonisse,Shan,Development
420522,Kadhim,Tua,Development
420532,Buchter,Zdislav,Development
420562,Danner,Anoosh,Sales
420591,Barreiro,Masoud,Sales
420621,Erni,Stella,Development
420622,Katzenelson,Susanna,Sales
420644,Bojadziev,Magdalena,Sales
420647,Ranum,Shooichi,Development
420649,Gyorkos,Vitali,Development
420669,Nollmann,Alenka,Development
420682,Krohn,Yurij,Development
420684,Percebois,Stein,Sales
420702,Ligten,Vitaly,Development
420710,Sifakis,Zhiwei,Development
420712,Plump,Josyula,Development
420742,Schwartzburd,Elvis,Development
420772,Kulisch,Domenick,Sales
420809,Buchter,Sverrir,Development
420816,Benner,Vitali,Development
420822,Whitcomb,Becky,Development
420853,Bojadziev,Murthy,Development
420874,Hiyoshi,Jinya,Sales
420890,Hiltgen,Kayoko,Development
420922,Schwartzburd,Peer,Sales
420933,Kroon,Gila,Development
420951,Ventosa,Moriyoshi,Sales
420960,Chenoweth,Ebbe,Development
420965,Thorensen,Alenka,Sales
420979,Hiltgen,Zijian,Development
420997,Gill,Maik,Development
421040,Moehrke,Chuanyi,Development
421043,Piveteau,Vidya,Development
421050,Olivero,Zita,Development
421051,Wendorf,Sachem,Development
421076,Gecseg,Clyde,Development
421089,Peternell,Jouni,Development
421108,Gulla,Krister,Sales
421111,Benzmuller,Ziva,Sales
421122,Schnelling,Danny,Sales
421133,Brizzi,Francesca,Development
421166,Montemayor,Hilary,Development
421172,Danley,Heejo,Sales
421199,Laurillard,Irene,Development
421224,Atrawala,Ebru,Sales
421228,Verhaegen,Kirk,Development
421244,Ladret,Ortrun,Sales
421249,Raoux,Francesca,Development
421251,Assaf,Fumitaka,Sales
421300,Chimia,Arumugam,Development
421304,Acton,Kwee,Development
421319,Maccarone,Ranga,Sales
421347,Bahk,Erzsebet,Development
421358,Litecky,KayLiang,Development
421359,Quaggetto,Kristine,Development
421364,Ramalingam,Huican,Sales
421376,Ranon,Weijing,Sales
421388,Bernatsky,Elzbieta,Sales
421392,Bazzichi,Seongbin,Development
421410,Schiper,Xiaoshan,Development
421455,Feldmann,Trygve,Development
421461,Veeraraghavan,Francoise,Development
421465,Pouyioutas,Yongqiao,Development
421469,Oxenboll,Seongbae,Development
421484,Masaki,Poornachandra,Development
421490,Heering,Zsolt,Development
421526,Christianini,Syozo,Development
421540,Ranon,Annemarie,Sales
421546,Flanders,Barun,Development
421547,Sudkamp,Rasiah,Development
421549,Remmers,Arvin,Development
421570,Taubenfeld,Shuji,Sales
421575,Farrag,JoAnne,Development
421628,Schwartzbauer,Qunsheng,Sales
421644,Jarecki,Manton,Development
421654,Ciolek,Claude,Sales
421683,Heystek,Khalil,Sales
421697,Iwayama,Marko,Sales
421698,Billawala,Flemming,Sales
421712,Grandbois,Marla,Development
421721,Reinhart,Shao,Sales
421730,Feldhoffer,Vishwani,Development
421740,Jarecki,Shin,Development
421749,Calkin,Dietrich,Development
421773,Makinen,Kwangjo,Development
421775,Baak,Gretta,Sales
421787,Lunn,Yifei,Development
421796,Apsitis,Yakkov,Sales
421822,Rodham,Mario,Development
421846,Einsfeld,Gunilla,Development
421849,Pileggi,Zhenhua,Development
421854,Guting,Mitsuyuki,Development
421856,Suomi,Mona,Development
421866,Perin,Larisa,Development
421881,Mandell,Prodip,Development
421886,Gelosh,Holgard,Development
421930,Mateescu,Chiradeep,Sales
421948,Chorvat,Marl,Sales
421956,Hedayat,Kotesh,Sales
421975,Eastman,Hyuckchul,Sales
421986,Furudate,Gritta,Sales
421999,Perng,Mark,Development
422005,Stentiford,Avishai,Development
422017,Eiron,Deborah,Development
422042,Roisin,Domenick,Development
422056,Murrill,Wonhee,Development
422057,Shiratori,Mahmut,Sales
422063,Monkewich,Danny,Development
422066,Berendt,Aleksander,Development
422083,Kowalchuk,Fusako,Sales
422084,Ranai,Guenter,Sales
422100,Aingworth,Kotesh,Development
422105,Zykh,Yongdong,Sales
422152,Peek,Achilleas,Development
422156,Cardazo,Chikara,Sales
422161,Riefers,Malu,Sales
422180,Christ,Dekang,Development
422184,Vesel,Changho,Development
422216,Felcyn,Toshimitsu,Development
422223,Madeira,Zine,Development
422227,Brizzi,Francoise,Development
422229,Kawashima,Subbu,Development
422241,Ponthieu,Roselyn,Development
422246,Kusakari,Francesca,Sales
422304,Warwick,Manton,Development
422305,Moehrke,Cristinel,Development
422323,Luca,Kauko,Development
422332,Mawatari,Naftali,Development
422349,Straney,Mani,Sales
422363,Pramanik,Tetsurou,Sales
422380,Kawashimo,Mamdouh,Development
422389,Suwa,Ramachenga,Development
422390,Gist,Jiann,Development
422391,Birge,Shaowei,Development
422393,Schapire,Ramya,Development
422461,Beetstra,Ebbe,Development
422467,Armand,Huei,Development
422470,Androutsos,Arvin,Sales
422471,Delgrossi,Owen,Sales
422506,Lambe,Patricio,Sales
422531,Leuchs,Perry,Development
422537,Denis,Khue,Development
422542,Steenbeek,Bojan,Sales
422558,Negoita,Aris,Sales
422573,Anily,Jianhao,Development
422577,Henseler,Vasilis,Development
422587,Speek,Mohit,Development
422631,Lorin,Richara,Sales
422641,Hasham,Padma,Sales
422646,Peltason,Alexius,Development
422665,Edelhoff,Arunachalam,Sales
422698,Maraist,Lobel,Sales
422709,Varley,Sanjit,Development
422744,Panwar,Francoise,Development
422757,Merli,Willard,Development
422775,Emmart,Moto,Development
422782,Czaja,JiYoung,Sales
422812,Pashtan,Akeno,Sales
422814,Klerer,Samphel,Development
422851,Muhlberg,Basant,Development
422906,Denny,Susumu,Development
422938,Taneja,Shuho,Sales
422940,Orlowski,Arnd,Development
422946,Schmezko,Heekeun,Development
422979,Shihab,Kiyokazu,Sales
423005,Furedi,Chenyi,Sales
423007,Przulj,DAIDA,Development
423032,Katiyar,Yolla,Sales
423093,Kadhim,Dannz,Sales
423126,Scallan,Valeri,Sales
423165,Mahnke,Achilleas,Development
423171,Mandell,Francesca,Sales
423191,Siksek,Kasturi,Development
423200,Langford,Doohun,Development
423226,Szmurlo,Tadahiro,Sales
423241,Litvinov,Nadjib,Development
423243,Lammel,Gill,Sales
423251,Zolotykh,Maia,Sales
423302,Strooper,Xiahua,Development
423323,Ventosa,Aiman,Development
423326,Cullers,Idoia,Development
423338,Rosiles,Chuanti,Sales
423371,Qiwen,Jamaludin,Sales
423388,Byoun,Hiroyasu,Sales
423397,Ghelli,Masami,Development
423403,Alpay,Debatosh,Development
423412,Spelt,Kwok,Development
423418,Brendel,Guttorm,Development
423424,Foong,Nobuyoshi,Development
423434,Shackell,Uta,Sales
423443,Camarinopoulos,Chenye,Development
423454,Vandervoorde,Achilleas,Development
423464,Rodier,Shiv,Development
423466,Zhang,Magy,Development
423479,Hambrick,Rosine,Development
423484,Mersereau,Geoffrey,Sales
423487,Biran,Kiyotoshi,Development
423526,Choobineh,Adly,Development
423533,Rathonyi,Francesca,Development
423543,Acton,Oldrich,Development
423592,Azuma,Chenxi,Sales
423596,Heystek,Lokesh,Sales
423607,Suwa,Deborah,Development
423669,Lakshmanan,Ung,Development
423674,Motley,Ugo,Sales
423689,Schlumberger,Xudong,Development
423691,Hanratty,Alain,Development
423702,Iivonen,Parke,Sales
423705,Kaelbling,Christ,Development
423720,Maierhofer,Barry,Sales
423738,Weiland,Mantis,Development
423740,Bardell,Jaroslava,Development
423756,Schlumberger,Huican,Development
423803,Beilner,Xuejun,Development
423807,Rikino,Barry,Sales
423830,Menhoudj,Maya,Development
423893,Gerteisen,Fumino,Development
423907,Akaboshi,Sanjit,Sales
423917,Bouloucos,Dines,Development
423920,Thombley,Mana,Development
423939,Carrere,Khatoun,Development
423950,Marrakchi,Gen,Sales
423966,Badache,Harjit,Sales
423982,Boissier,Hidde,Development
423986,Alvarado,Debatosh,Development
423991,Gargeya,Weicheng,Development
424000,Zlotek,Petter,Development
424037,Langford,Sumant,Sales
424043,Gulik,Tetsurou,Sales
424085,Merks,Irene,Development
424090,Holburn,Inderjeet,Sales
424099,Strandh,Kwangyoen,Sales
424101,Kading,Giordano,Development
424134,Wrigley,Aleksandar,Development
424142,Larfeldt,Turgut,Development
424167,Hasham,Kazuhiko,Development
424185,Khalid,Sigeru,Development
424189,Denny,Martijn,Development
424192,Rosenbaum,Boaz,Sales
424200,Yeung,Shooichi,Development
424230,Sridhar,Irena,Sales
424252,Bernardinello,Shirish,Sales
424259,Bennis,Seongbin,Development
424263,Schoegge,Martins,Sales
424298,Chinin,Francesca,Sales
424343,Mersereau,Tadahiro,Development
424355,Garrabrants,Szabolcs,Development
424378,Varman,Sanjiv,Development
424379,Murtagh,Menkae,Development
424391,Skogmar,Marc,Sales
424425,Isaac,Fuqing,Sales
424447,Miake,Irene,Sales
424452,Pero,Shalesh,Development
424461,Snyers,Nitsan,Development
424467,Hockney,Udo,Sales
424491,Munoz,Caolyn,Sales
424496,Comellas,Kellie,Development
424497,Maccarone,Shahab,Development
424525,Krichel,Kenton,Development
424563,Pileggi,Rosli,Sales
424564,Stasinski,Kristina,Sales
424570,Klyachko,Gil,Sales
424576,Billingsley,Weiyi,Development
424581,Christianini,Turgut,Sales
424591,Yeung,Abdelwaheb,Sales
424593,Serra,Mohammed,Sales
424597,Hinsberger,Wuxu,Development
424619,Kugler,Garnet,Development
424635,Akiyama,Van,Development
424677,Karcich,Patricia,Sales
424700,Kossowski,Dietrich,Development
424705,Falster,Achilleas,Sales
424719,Curless,Feixiong,Development
424724,Angelopoulos,Suebskul,Development
424744,Butterworth,Qingxiang,Development
424795,Kusakari,Waiman,Development
424811,Reutenauer,Tomokazu,Sales
424826,Wursthorn,Gadiel,Development
424840,Bernardinello,Mara,Development
424876,Seuren,Kazuyasu,Development
424885,Picco,Zhensheng,Development
424900,Siksek,Aemilian,Development
424913,Ravishankar,Almudena,Development
424937,Buchter,Teunis,Development
424946,Benzmuller,Gian,Sales
424961,Morris,Yaghout,Sales
424980,Badr,Dekang,Development
424981,Milicia,Naraig,Development
424995,Bale,Jouni,Sales
424997,Anger,Heekeun,Development
424998,Schmezko,Demin,Development
425006,Wegerle,Satyanarayana,Development
425015,Cannata,Bikash,Sales
425033,Waleschkowski,Ekawit,Sales
425092,Meszaros,Ebbe,Sales
425115,Begiun,Naftali,Development
425132,Perry,Christoper,Sales
425169,Vernadat,Bernice,Development
425178,Kusakabe,Vishv,Development
425181,Foote,Roselyn,Development
425193,Cronau,Thodoros,Development
425220,Anger,Xiadong,Sales
425231,Chachaty,Zejun,Development
425262,Rahier,Thanasis,Sales
425301,Gien,Sangeeta,Sales
425304,McAffer,Muzhong,Development
425321,Anandan,Dante,Development
425328,Salvesen,Theron,Sales
425336,Gammage,Poorav,Development
425345,Georgatos,Michaela,Sales
425359,Marchegay,Jaideep,Sales
425370,Hebert,Zijian,Development
425388,Varker,Mohammad,Development
425400,Erdmenger,Girolamo,Development
425462,Sherertz,Keung,Sales
425473,Cappelli,Giao,Sales
425474,England,Vishwani,Sales
425487,Egerstedt,Kellyn,Sales
425489,Nicolson,Toshimi,Development
425532,Setia,Pohua,Sales
425547,Hasham,Remko,Sales
425599,Perz,Faiza,Development
425627,Sewelson,Guadalupe,Sales
425636,Picaronny,Danco,Sales
425637,Kaelbling,Elrique,Development
425669,Wrigley,Stabislas,Development
425689,Bernini,Arnould,Development
425703,Toyoshima,Neelam,Development
425716,Merro,Khatoun,Development
425729,Brickell,Sreekrishna,Development
425735,Vanwelkenhuysen,Jaewoo,Development
425740,Murillo,Pranay,Development
425759,Molberg,Tiina,Sales
425785,Rijsenbrij,Przemyslawa,Sales
425792,Streng,Kiam,Development
425796,Erman,Billie,Development
425806,Limongiello,Aemilian,Sales
425817,Berstel,Cedric,Development
425819,Oberman,Muzhong,Sales
425836,Schnabel,Alois,Development
425860,Bakhtari,JoAnna,Sales
425865,Emmart,Yechezkel,Development
425871,Gimbel,Weiye,Sales
425873,Conti,Visit,Sales
425890,Bolsens,Arunas,Development
425894,Plessier,Miomir,Development
425914,Melter,Ishfaq,Development
425925,Speek,Utz,Development
425932,Piancastelli,Saeed,Sales
425942,Litvinov,Frazer,Sales
425948,Matzke,Bikash,Development
425960,Terkki,Elliott,Sales
425972,Vrecion,Arch,Sales
425986,Riefers,Rafael,Sales
426010,Koblitz,Utpal,Sales
426020,Schaap,Rafail,Development
426052,Morrow,Manohar,Sales
426058,Sifakis,Kristin,Sales
426061,Hutter,Mohan,Development
426090,Falck,Weiru,Sales
426099,Sherertz,Alair,Sales
426144,Siksek,Yagil,Development
426187,Mawatari,Josyula,Development
426193,Rattan,Huiqun,Sales
426211,Naumovich,Elrique,Development
426243,Cummings,Randi,Development
426250,Hmelo,Somnath,Development
426254,Kornyak,Jenwei,Development
426289,Maginnis,Ute,Development
426290,Slobodova,Serenella,Development
426329,Morrin,Jixiang,Development
426346,Petersohn,Ranga,Development
426349,Kaelbling,Alassane,Development
426375,Gerteisen,Suzette,Development
426389,Ellozy,Chuanyi,Development
426396,Bonifati,Mrinalini,Development
426399,Heusch,Elvia,Development
426405,Lorcy,Urs,Development
426406,Ritzmann,Irena,Sales
426416,Hofting,Dante,Development
426417,Cardazo,Alenka,Sales
426425,Sidou,Weidon,Development
426428,Bierbaum,Aloke,Sales
426433,Welham,Danny,Sales
426449,Waschkowski,Pragnesh,Development
426503,Herbst,Janche,Development
426505,Makinen,Tommaso,Development
426511,Polupanov,Oddvar,Sales
426518,Turnbull,Marek,Sales
426570,Koshino,Tamiya,Sales
426573,Gonthier,Hausi,Sales
426579,Anily,Odinaldo,Development
426583,Chimia,Alexius,Sales
426614,Jullig,Elliott,Development
426677,Lorie,Waiman,Development
426679,Ranze,Zita,Development
426682,Ozeri,Przemyslawa,Development
426684,Sridhar,Neven,Sales
426690,Klyachko,Aluzio,Development
426701,Mandelberg,Shem,Development
426713,Gomatam,Shawna,Development
426729,Clemencon,Eldridge,Development
426742,Swick,Toshiko,Development
426781,Setiz,Reinhard,Development
426783,Cyne,Sahrah,Development
426791,Irland,Alair,Sales
426794,Silva,Gino,Development
426799,Keirsey,Hatim,Sales
426800,Kuhnemann,Kwok,Sales
426804,Merle,Berni,Development
426807,Pramanik,Maik,Development
426809,Spieker,Jiann,Development
426817,Deyuan,Marlo,Development
426841,Mondadori,Otilia,Development
426849,Suermann,Dietrich,Sales
426928,Georgatos,Kauko,Sales
426934,Papsdorf,Yannik,Development
426936,Glowinski,Reinhold,Development
426948,Waymire,Stella,Sales
426980,Ushiama,Dhritiman,Development
426988,Zucker,Zito,Development
426994,Nyanchama,Zito,Sales
427010,Frolund,Mingsen,Sales
427024,Niizuma,Munenori,Sales
427028,Bernardeschi,Saddek,Sales
427029,Ramalingam,Samphel,Sales
427034,Yurov,Amalendu,Development
427055,Rosis,Toong,Development
427075,Cunliffe,Berry,Development
427091,Cherinka,Udi,Sales
427097,Socorro,Eishiro,Development
427121,Bolsens,Jianhao,Development
427138,Vidya,Bernd,Sales
427152,Lung,Arunachalam,Sales
427159,Zockler,Adib,Development
427165,Radhakrishnan,Toong,Development
427177,Rosch,Moto,Development
427202,Waeselynck,Rutger,Development
427212,Dulin,Nitsan,Sales
427219,Iisaka,Chenyi,Sales
427224,Merli,Weiyi,Development
427253,Kading,Georg,Development
427260,Cooke,Jianhao,Development
427269,Ginesta,Mark,Development
427283,Foong,Zhensheng,Development
427314,Rando,Valeska,Development
427321,Hutton,Arra,Development
427346,Kropf,Denis,Sales
427349,Lakshmanan,Ung,Development
427354,Collavizza,Bernt,Development
427362,Melton,Chrisa,Development
427368,Glinert,Marc,Development
427370,Slobodova,Chinho,Sales
427371,Ballarin,Emdad,Development
427383,Jullig,Oddvar,Development
427407,Hashii,Cullen,Development
427430,Porotnikoff,Maia,Development
427472,Pfau,Kristina,Sales
427488,Norsworthy,Bingning,Sales
427491,Candan,Yinlin,Development
427492,Seiwald,Kousuke,Development
427504,Pauthner,Janalee,Development
427529,Feldmann,Magy,Sales
427549,Sifakis,Tetsurou,Development
427556,Brlek,Turgut,Development
427623,Itschner,Shaunak,Sales
427633,Limongiello,Denny,Development
427650,Luck,Maya,Development
427660,Gils,Mayuko,Sales
427664,Maccarone,Toshimo,Development
427682,Birta,Boalin,Sales
427686,Asser,Sangeeta,Development
427693,Whitcomb,Weiyi,Development
427698,Schapire,Siddarth,Sales
427727,Melichar,Ramzi,Development
427742,Demke,Yongdong,Sales
427780,Montresor,Khue,Sales
427783,Alameldin,Gennady,Sales
427801,Plump,Christoper,Development
427817,Kading,Vishv,Development
427841,Schaad,Shaz,Sales
427845,Murillo,Franziska,Development
427848,Hutton,Mikhail,Development
427849,Rindone,Mayuri,Sales
427853,Bisiani,Sanjay,Development
427874,Eiron,Zhiwei,Sales
427899,Mitzlaff,Angus,Development
427905,Birdsall,Chaitali,Development
427918,Llado,Billie,Development
427924,Msuda,Brendon,Sales
427935,Jonsson,Xiaoshan,Development
427936,Weisert,Fay,Sales
427966,Luft,Kazuhiro,Development
427988,Barvinok,Martial,Sales
428003,Yamaashi,Shirish,Development
428004,Prenel,Weiye,Sales
428006,Katiyar,Mohamadou,Development
428018,Rosti,Vasilii,Sales
428020,Tiemann,Toshimitsu,Sales
428040,Deyuan,Rasiah,Development
428049,Aumann,Souichi,Development
428062,Byoun,Shirish,Sales
428073,Improta,Lech,Sales
428122,Georgatos,Tooru,Development
428134,McDermid,Sadok,Sales
428135,Diderrich,Insup,Development
428153,Koshiba,Syozo,Development
428156,Dolinsky,Salvador,Sales
428157,Vrecion,JoAnna,Development
428166,Mahnke,Tzvetan,Development
428170,Kalefeld,Koichi,Development
428178,Peron,Niclas,Development
428198,Thibadeau,Behnaam,Sales
428224,Pollacia,Michaela,Sales
428237,Passafiume,Itzchak,Development
428242,Choobineh,Shuichi,Sales
428243,Ghazalie,Leif,Development
428245,Christianini,Macha,Development
428282,Ranon,Yifei,Sales
428314,Plotkin,Mario,Development
428372,Neimat,Licheng,Development
428382,Baba,Stepehn,Development
428392,Katzenelson,Marko,Development
428402,Remmele,Stein,Sales
428419,Cichocki,Gila,Development
428421,Shanbhogue,Arne,Sales
428459,Pietrzykowski,Khoa,Sales
428460,Decaestecker,Ramachenga,Development
428465,Journel,Goetz,Development
428466,Olano,Jianhua,Sales
428476,Jakobus,Zvonko,Development
428478,Auria,Gay,Sales
428506,Conte,Qiwen,Sales
428528,Leivant,Vishv,Development
428564,Chinen,Indrajit,Development
428585,Selvestrel,Sanjeeva,Sales
428592,Diderrich,Noritoshi,Development
428593,Ozeki,Gita,Development
428594,Aamodt,Breannda,Sales
428620,Demian,Yinghua,Development
428625,Savasere,Mohammad,Sales
428630,Orsini,Jenwei,Sales
428649,Raoux,Halsur,Development
428692,Versino,Tse,Development
428715,Pappas,Kerhong,Development
428732,Malabarba,Adamantios,Development
428833,Wursthorn,Weiwu,Development
428836,Hennings,Weiru,Development
428842,Munch,Gennadi,Development
428887,Marzano,Yefim,Sales
428902,Hempstead,Guozhong,Development
428923,Hasenauer,Xiaoqiu,Development
428930,Pelc,Herb,Sales
428937,Chappelet,Sudhanshu,Development
428959,Prenel,DeForest,Sales
428969,Raoux,Gil,Sales
429010,Ramras,Danco,Development
429045,Dolinsky,Pasqua,Development
429050,Stroustrup,Brewster,Development
429051,Schiettecatte,Mihalis,Development
429067,Morrow,Kwan,Sales
429071,Baik,Domenico,Development
429105,Denna,Lunjin,Development
429115,Halevi,Valery,Development
429127,Benzaken,Sergi,Development
429128,Range,Uno,Sales
429130,Zlotek,Franziska,Development
429211,Tchuente,Abdelghani,Development
429213,Matzat,Mingzeng,Development
429221,Zykh,Alain,Development
429222,Schmiedel,Boriana,Development
429294,Salinas,Weijing,Development
429297,Acton,Becky,Sales
429307,Uchoa,Mohan,Development
429367,Schlenzig,Kiyomitsu,Sales
429369,Luit,Yifei,Development
429411,Flowers,Pramod,Development
429414,Mahmud,Zongyan,Sales
429422,Janetzko,Odinaldo,Development
429423,Servi,Mabhin,Sales
429425,Nanard,Duke,Development
429431,Reutenauer,Huiqun,Development
429435,Perin,Fay,Sales
429468,Walston,Ennio,Sales
429469,Kowalchuk,Elgin,Development
429493,Motley,Adib,Development
429494,Puppe,Ipke,Development
429518,Poujol,Tomokazu,Sales
429549,Selenyi,Eben,Development
429573,Castellani,Samphel,Sales
429644,Papadias,Dayanand,Development
429648,Gaughan,Pranjal,Sales
429649,Krone,Lijie,Development
429665,Piazza,Snehasis,Sales
429761,Auyong,Gadiel,Development
429766,Lorin,Mandell,Sales
429785,Iivonen,Radhia,Development
429814,Tischendorf,Georg,Sales
429827,Pelz,Hercules,Development
429836,Kilgour,Arumugam,Sales
429851,Manders,Dulce,Sales
429961,Swiss,Houman,Sales
430000,Genther,Otmar,Development
430005,Ranst,Narain,Development
430022,Iivonen,Shahaf,Development
430051,Rodier,Muneo,Sales
430059,Bardell,Yuguang,Development
430078,Ginesta,Kirk,Sales
430079,England,Mikhail,Sales
430101,Veeraraghavan,Dekang,Sales
430147,Jayawardene,Tran,Sales
430166,Ravishankar,Poornachandra,Sales
430179,Serna,Neelam,Sales
430196,Fasbender,Mechthild,Sales
430224,Basawa,Noritoshi,Development
430238,Vuskovic,Mariusz,Development
430300,Binkley,Xuedong,Sales
430315,Engberts,Paloma,Development
430339,Gubsky,Xianlong,Development
430347,Cyne,Malu,Sales
430384,Masand,Taiji,Development
430402,Rahier,Ishfaq,Sales
430414,Piazza,Marlo,Sales
430461,Lichtner,Fan,Sales
430477,Angelopoulos,Subhrajyoti,Development
430496,Schwaller,Kiam,Development
430512,Flanders,Richara,Development
430524,Schnabel,Baoqiu,Development
430564,Birke,Yoshimitsu,Development
430596,Stanger,Gill,Development
430615,Stanfel,Babette,Sales
430616,Tchuente,Ashish,Development
430675,Comellas,Shiv,Development
430685,Jenevein,Sergi,Sales
430713,Peac,Khedija,Development
430724,Gruenwald,Geoff,Development
430737,Kadhim,Jeane,Sales
430742,Scallan,Jiong,Development
430754,Langford,Zengping,Sales
430772,Haraldson,Stepehn,Development
430777,Feldmann,Hailing,Development
430830,Fadgyas,Aris,Development
430844,Mukaidono,George,Sales
430854,Tsunoo,Collette,Development
430859,Bakhtari,Gritta,Sales
430878,Siepmann,Jinya,Development
430906,Cyre,Christ,Sales
430926,Kroll,Horward,Development
430936,Deville,Saddek,Development
430960,Lorie,Shahaf,Development
430977,Pavlopoulou,Tse,Development
430999,Ranon,Khatoun,Sales
431003,Wixon,Mara,Development
431004,Syang,Horward,Sales
431009,Lamba,Tremaine,Development
431014,Masamoto,Toney,Development
431022,Improta,Randy,Sales
431058,Denti,Shaibal,Development
431073,Savasere,Demin,Development
431078,Ananiadou,Adib,Sales
431080,Pauthner,Shigehito,Development
431109,Hagimont,Huei,Development
431126,Kroon,Claude,Development
431155,Castellani,Lillian,Development
431157,Bernick,Alexius,Development
431167,Merle,Candida,Sales
431189,Rousseau,Dulce,Development
431214,DuCasse,Navid,Sales
431248,Perri,Reuven,Sales
431272,Vesel,Rasiah,Development
431287,Maraist,Radoslaw,Development
431289,Zongker,Teunis,Development
431292,Schaaf,Uli,Sales
431311,Birge,Gritta,Sales
431316,Krohm,Xiaoheng,Sales
431333,Zambonelli,Sven,Development
431378,Peyn,Cristinel,Development
431382,Eiron,Mohit,Development
431394,Majewski,Michaela,Development
431395,Litzkow,Xuejun,Development
431410,Nyanchama,Kensei,Development
431413,Slutz,Takahito,Development
431432,Verhoeff,Danel,Development
431446,Cangellaris,Hidekazu,Development
431465,Mahmud,Kristinn,Sales
431480,Christ,Zhigen,Sales
431486,Restivo,Augustine,Development
431494,Schnabel,Richara,Sales
431495,Matzke,Tadanori,Development
431510,Schiper,Manu,Development
431530,Steinauer,Srinidhi,Development
431558,Pews,Brewster,Development
431574,Furudate,Juyoung,Development
431599,Pettit,Xiaoshan,Development
431634,Solares,Parto,Sales
431645,Rusterholz,Boriana,Sales
431674,Francisci,Souichi,Development
431675,Kroha,Giao,Sales
431690,Bhattacharjee,Sudhanshu,Development
431701,Baca,Maya,Development
431721,Anandan,Aluzio,Development
431731,Ermel,Jianhao,Development
431735,Roccetti,Waiman,Development
431758,Suermann,Huiqun,Development
431773,Montemayor,Chuanti,Sales
431787,Leuchs,Lihong,Sales
431798,Middleton,Masanao,Development
431836,Mahmud,Arne,Development
431853,Hooghiemstra,Doohun,Sales
431866,Kranzdorf,Raimond,Development
431869,Collette,Dietrich,Development
431890,Lorcy,Boriana,Development
431895,Speel,Xiaoqiang,Sales
431896,Miara,Tokuyasu,Development
431901,Kandlur,Shahid,Sales
431910,Schaap,Premsyl,Development
431922,Brookman,Jungsoon,Development
431951,Brobst,Boguslaw,Development
431965,Melton,Gianluca,Sales
431969,Maksimenko,Uriel,Development
431989,Baez,Shaz,Development
432039,Veeraraghavan,Mansur,Development
432068,Wegerle,Arif,Development
432087,Garigliano,Hidefumi,Development
432106,Thorelli,Kirk,Sales
432110,Debuse,Vasiliy,Development
432116,Besselaar,Henk,Development
432122,Poupard,Alair,Development
432135,Laventhal,Vivian,Development
432144,Biros,Yuping,Development
432167,Talmon,Peternela,Development
432188,Haraldson,Yishai,Sales
432233,Hitomi,Goetz,Sales
432235,Irland,Roddy,Development
432267,Rosen,Siddarth,Sales
432317,Pluym,Lucian,Development
432318,Krohm,Khedija,Development
432320,Bridgland,Luise,Sales
432324,Fiebach,TRUE,Development
432338,Hofting,Yishay,Development
432364,Ramalingam,Duro,Development
432380,Anick,Duro,Development
432402,Basagni,Adib,Development
432437,Rajaraman,Menkae,Development
432457,Gadepally,Charmane,Sales
432481,Jeong,Zita,Development
432483,Taneja,Zhanqiu,Sales
432497,Champarnaud,Sreekrishna,Sales
432516,Karcich,Arlette,Sales
432534,Zeilberger,Eran,Development
432544,Serdy,Pradeep,Sales
432547,Waeselynck,Gretta,Sales
432554,Yemenis,Mana,Development
432566,Orlowski,Dzung,Sales
432578,Khalid,Danco,Development
432581,Perl,Vivian,Development
432583,Mitsuhashi,Seongbin,Sales
432589,Alvarado,Baziley,Development
432611,Mayerwieser,Shuky,Sales
432612,Sinitsyn,Masaki,Development
432622,Luke,Stevo,Development
432627,Usdin,Jamaludin,Sales
432630,Luef,Heejo,Development
432662,Maierhofer,Paddy,Development
432675,Veeraraghavan,Kazunori,Sales
432676,Borovoy,Leaf,Sales
432683,Nishimukai,Gina,Development
432693,Matzat,Zhaofang,Development
432710,Bardell,Paraskevi,Development
432727,Lovengreen,Sushant,Development
432730,Trystram,Nevio,Development
432749,Heemskerk,Miomir,Sales
432763,Lanzelotte,Ramalingam,Sales
432795,Schoegge,Toney,Sales
432818,Escriba,Parviz,Development
432820,Mellouli,Jordanka,Development
432828,Malabarba,Chikako,Sales
432841,Kragelund,KayLiang,Development
432855,Encarnacion,Kiyotoshi,Development
432859,Massonet,Guther,Sales
432861,Morris,Kshitij,Development
432881,Egerstedt,Shan,Development
432923,Besselaar,Arunachalam,Development
432931,McAffer,Martial,Sales
432943,Asser,Mokhtar,Development
432972,Wallrath,Halsur,Development
432978,Herath,Pasqua,Sales
433015,Braccini,Mohd,Development
433036,Yeung,Anestis,Development
433061,Masada,Weiwu,Sales
433077,Mungall,Zongyan,Sales
433094,Matzke,Xinglin,Development
433104,Gente,Florina,Development
433105,Cmelik,Leif,Sales
433127,Hellwagner,Masali,Development
433146,Pettis,Larisa,Development
433193,Shihab,Badri,Sales
433245,Pleszkun,Duangkaew,Development
433271,Naumovich,Freyja,Development
433301,Chelton,Moheb,Sales
433307,Norsworthy,Filipp,Sales
433318,Perz,Martien,Development
433320,Takkinen,Gunilla,Development
433321,Msuda,Mabo,Development
433350,Danner,Pasqua,Development
433372,Yemenis,Rasiah,Sales
433389,Christ,Ottavia,Development
433406,Kulisch,Mansur,Development
433443,Kakkad,Janche,Development
433488,Antonisse,Wayne,Sales
433503,Spataro,Satosi,Development
433509,Demian,Dzung,Sales
433514,Mikschl,Susanne,Development
433520,Cairo,Armond,Development
433537,Picel,Roselyn,Development
433562,Gruenwald,Chrisa,Sales
433608,Simkin,Aruna,Development
433628,Copas,Vishu,Development
433631,Luff,Bodh,Sales
433665,Kusalik,Aimee,Sales
433670,Bresenham,Mohamadou,Sales
433679,Katzenelson,Serenella,Sales
433687,Giveon,Conrado,Sales
433689,Borovoy,Make,Development
433710,Baezner,Gou,Development
433727,Rosch,Shalesh,Sales
433732,Chepyzhov,Miquel,Sales
433738,Petersohn,Toshimi,Sales
433754,Sommen,Leon,Development
433790,Rusmann,Prodip,Sales
433822,Garnham,Lucien,Development
433825,Szilard,Lillian,Sales
433828,Matzov,Elzbieta,Development
433873,Alpin,Uwe,Development
433880,Peek,Arumugam,Development
433888,Sommen,Armond,Development
433902,Dusink,Nevin,Development
433914,Heuter,Dmitri,Sales
433922,Brookner,Owen,Sales
433926,Alblas,Xiaobin,Development
433936,Reeken,Kyoichi,Development
433938,Azadmanesh,Venkatesan,Sales
433941,Ozeri,Zejun,Development
433949,Mondadori,Alejandra,Development
433962,Waleschkowski,Mani,Development
433973,Speek,Behnaam,Sales
433992,Gien,Isamu,Development
434019,Swiler,Kristen,Development
434023,Worfolk,Kristian,Sales
434033,Itzfeldt,Sedat,Development
434058,Eterovic,Masami,Sales
434065,Dengi,Lucian,Development
434080,Pettis,Tru,Development
434084,Cappello,Abdelghani,Sales
434089,Bratten,Mamdouh,Development
434114,Portugali,Nobuyoshi,Sales
434158,Fasbender,Hiroyasu,Sales
434178,Makinen,Lillian,Development
434214,Fabrizio,Oscal,Development
434226,Gulla,Miquel,Sales
434234,Rothenberg,Younwoo,Sales
434249,Bonifati,Malu,Sales
434250,Jansch,Ulises,Sales
434262,Peir,Kerryn,Sales
434272,Roccetti,Woody,Development
434274,Katalagarianos,Turgut,Development
434278,Binding,Sedat,Development
434289,Broomell,Sajjan,Sales
434332,Muniz,Parke,Development
434347,Androutsos,Mahmut,Development
434360,Zolotykh,Aram,Development
434362,Demizu,Guttorm,Development
434431,Hiroyama,Berto,Sales
434456,Picci,Maha,Sales
434457,Curless,Siamak,Development
434458,Stellhorn,Mari,Sales
434474,Isaak,Fabrizio,Development
434505,Fritzsche,Jianhua,Development
434534,Naudin,Marla,Development
434546,Whitcomb,Mahmut,Sales
434550,Perko,Luerbio,Development
434578,Cangellaris,Rimon,Development
434580,Saoudi,Oscal,Sales
434655,Wroclawski,Zeydy,Development
434673,Menhoudj,Jeanne,Development
434674,Demeyer,Shrikanth,Development
434690,Hammerschmidt,Zijian,Sales
434700,Botman,Abdelwaheb,Development
434721,Weedman,Djenana,Sales
434758,Tzvieli,Alair,Sales
434766,Babu,Basim,Sales
434770,Mamelak,Aluzio,Development
434784,Templeman,Hirochika,Development
434789,Vuskovic,Heeju,Development
434790,Baaz,Lorien,Development
434807,Karner,Licheng,Development
434809,Peres,Stamatina,Development
434824,Goodrum,Randy,Development
434832,Mitzlaff,Vojin,Sales
434895,Backhouse,Dipankar,Sales
434896,Furudate,Zhensheng,Development
434923,Riefers,Heather,Sales
434924,Morton,Feiyu,Development
434931,Rosti,JiYoung,Sales
434949,Lores,Hausi,Development
434950,Sadowski,Berto,Development
434957,Munos,Chandrasekaran,Development
434984,Garnick,Geraldo,Development
434995,Yoshimura,Mads,Sales
434997,Taubman,Ranan,Development
435006,Thisen,Panayotis,Development
435047,Hiyoshi,Danco,Development
435063,Lenart,Troy,Development
435078,Parfitt,Hatsukazu,Sales
435127,Lovengreen,Pranas,Sales
435135,Keirsey,Anoosh,Development
435148,Buchter,Gennady,Sales
435156,Emmerich,Munir,Development
435166,Awdeh,Shahid,Sales
435183,Gopalakrishnan,Satoru,Development
435283,Lieblein,Naftali,Development
435312,Kisuki,Hatsukazu,Development
435313,Vitiello,Fun,Sales
435315,Turnbull,Georgi,Sales
435327,Geffroy,Takahito,Sales
435345,Murtafg,Karoline,Development
435354,Bashian,Bowen,Sales
435442,Shimshoni,Yinghua,Development
435459,Heuser,Arto,Development
435491,Bashian,Kristinn,Development
435553,Moffat,Somnath,Sales
435566,Kawashima,Licheng,Development
435576,Felder,Urs,Development
435590,Hardjono,Adel,Development
435598,Peltason,Remko,Development
435606,Aingworth,Kerhong,Development
435611,Shokrollahi,Fabrizio,Development
435613,Grabner,Moheb,Development
435630,Baer,Dines,Sales
435640,Kitai,Zdislav,Sales
435645,Hennings,Branimir,Development
435666,Zhang,Dmitry,Development
435691,Erev,Hinrich,Development
435693,Koshiba,Shigeichiro,Development
435713,Daescu,Ortrun,Development
435719,Sidou,Gritta,Sales
435720,Rijsenbrij,Shahaf,Development
435782,Bolotov,Shugo,Sales
435783,Ghazalie,Guozhong,Development
435785,Validov,Yongmin,Sales
435799,Kaiserswerth,Gudjon,Sales
435830,Zaumen,Yechiam,Development
435843,Gammage,Fei,Development
435851,Asser,Tru,Development
435893,Byoun,Charlene,Development
435911,Perez,Patricia,Sales
435980,Rando,Toney,Sales
435995,Anger,Jovan,Development
435998,Wrigley,Ymte,Development
436005,Poupard,Kristen,Development
436020,Wielonsky,Rutger,Development
436025,Doering,Hugh,Development
436026,Keustermans,Gritta,Development
436031,Schmezko,Jaques,Development
436050,Emiris,Christophe,Development
436062,Ibel,Kshitij,Sales
436069,Spieker,Xumin,Development
436073,Lyonns,Pranjal,Development
436074,Morrow,Jessie,Development
436077,Macedo,Mabo,Sales
436130,Lorys,Guenter,Development
436144,Morrow,Mark,Development
436148,Cairo,Basant,Sales
436191,Rajcani,Aram,Development
436254,Bellone,Tsutomu,Sales
436269,Ressouche,Bernd,Development
436319,Emmerich,Ramzi,Development
436342,Lorho,Sreenivas,Sales
436372,Leslie,Abdelkader,Sales
436394,Chappelet,Guther,Development
436395,Meszaros,Percy,Development
436396,Feinberg,Jordanka,Development
436417,Pepe,Dinah,Development
436419,Schapiro,Randi,Sales
436431,Hutton,Uriel,Sales
436433,Morrow,Ibibia,Development
436438,Gecseg,Stevo,Sales
436442,Takanami,Mang,Development
436449,Wilfing,Tetsurou,Development
436457,Deville,Wilmer,Sales
436458,Pearson,Kendra,Development
436467,Edelhoff,Rafael,Sales
436473,Braunmuhl,Nakhoon,Sales
436490,Willoner,Hsiangchu,Development
436501,Baby,Demin,Sales
436510,Poulakidas,Munehiko,Development
436514,Fritzsche,Mahendra,Sales
436525,Langford,Abdulah,Development
436547,Hofmeyr,Keiichiro,Development
436585,Pargas,Adib,Sales
436605,Duclos,Piyawadee,Sales
436612,Kumaresan,Koldo,Development
436615,Lortz,Jolita,Development
436639,Krogh,Lidong,Development
436645,Pouyioutas,Gil,Development
436651,Birnbaum,Weijing,Sales
436709,Danlos,Hongzue,Development
436714,Lores,Gill,Development
436744,Luders,Remzi,Sales
436757,Lunt,Guiseppe,Development
436792,Luca,Taizo,Sales
436836,Muchinsky,Mads,Sales
436842,Krzyzanowski,Tomofumi,Development
436847,Noriega,Dinah,Sales
436869,Barinka,Billie,Development
436893,Perko,Duro,Development
436965,Leijenhorst,Falguni,Development
436974,Gilg,Kellie,Sales
436998,Radhakrishnan,Parke,Development
437024,Jullig,Ioana,Sales
437039,Godskesen,Kaijung,Sales
437059,Mahnke,Jouni,Sales
437094,Muniz,Zhenbing,Development
437097,Clemencon,Salvador,Sales
437098,Gaughan,Alassane,Development
437123,Shimshoni,Prodip,Development
437125,Lukaszewicz,Ghassan,Sales
437148,Sambasivam,Elvis,Development
437159,Ritzmann,Munehiko,Development
437166,Ariola,Gennady,Development
437181,Stellhorn,Hiroyasu,Development
437184,Kabayashi,Jeane,Sales
437195,Hettesheimer,Uno,Development
437205,Panangaden,Godehard,Development
437209,Pero,Nishit,Sales
437234,Sgarro,Gil,Sales
437236,Asrin,Remmert,Sales
437241,Moffat,Angus,Sales
437264,VanScheik,Zijian,Sales
437266,Biran,Mack,Development
437271,Beutelspacher,Nikolaus,Development
437280,Khalil,Khatoun,Development
437295,Solovay,Shao,Sales
437297,Zweizig,Adib,Development
437301,Pehl,Adil,Development
437324,Seghrouchni,Luisa,Sales
437348,Emden,Deborah,Development
437349,Munch,Adil,Development
437412,Shinomoto,Shahab,Sales
437421,Edelhoff,Rayond,Development
437422,Plavsic,Naftaly,Development
437425,Bardell,Ennio,Sales
437442,Delaune,Muzhong,Sales
437446,Ratnaker,Huai,Sales
437453,Sabnani,Gladys,Sales
437455,Marwedel,Nikolaos,Development
437470,Bouloucos,Rasiah,Development
437471,Plesums,Zijian,Sales
437502,Schreiter,Naftali,Development
437507,Stasinski,Hiroyasu,Development
437523,Vakili,Nahum,Development
437539,Fioravanti,Owen,Development
437566,Landherr,Chuanyi,Development
437592,Demir,Yongdong,Development
437608,Montemayor,Marko,Development
437635,Garnick,Maya,Development
437639,Imataki,Barun,Sales
437656,Ibel,Willard,Development
437675,Takanami,Suzette,Development
437678,Pocchiola,Val,Development
437679,Linares,Boutros,Development
437689,Pargas,Taizo,Development
437806,Benveniste,Valdiodio,Sales
437824,Peral,Georg,Development
437830,Plotkin,Bezalel,Sales
437850,Vural,Ronnie,Development
437875,Swick,Arun,Development
437882,Osgood,Salvador,Development
437883,Kalafatis,Pantung,Development
437889,Rosay,Dannz,Sales
437892,Lampe,Sushant,Development
437915,Kroon,Katsuo,Development
437950,Salinas,Irena,Development
437954,Sinitsyn,Mong,Sales
437955,Matteis,Kristin,Development
437985,Munke,Reuven,Sales
438007,Lanphier,Fumiya,Sales
438010,Marsiglia,Barna,Development
438011,Brender,Patricia,Development
438052,Legleitner,Beshir,Development
438084,Kemmerer,Bangqing,Development
438126,Krichel,Duke,Development
438144,Suri,Martial,Sales
438154,Kenevan,Karsten,Sales
438160,Pagter,Rayond,Sales
438162,Erdmenger,Mabry,Sales
438214,Tokunaga,Lokesh,Development
438262,Pauthner,Giao,Development
438269,Castellani,Percy,Development
438289,Collavizza,Kiyokazu,Sales
438298,Asrin,Elrique,Development
438312,Trachtenberg,Menkae,Development
438339,Katiyar,Susanta,Sales
438366,Gubsky,Yechezkel,Development
438396,Vesel,Gila,Development
438421,Pollacia,Danae,Sales
438422,Baby,Sedat,Development
438429,Zockler,Jiang,Development
438441,Mahmud,Kiyokazu,Development
438454,Caine,Duro,Development
438480,Taubenfeld,Hyuncheol,Sales
438488,Wendorf,Aris,Development
438528,Lowrie,Bernt,Development
438535,Halevi,Debaprosad,Sales
438551,Vingron,Randy,Sales
438564,Bodoff,Fay,Development
438578,Ruther,Xiaobin,Development
438584,Pero,Sangeeta,Sales
438610,Dulin,Soenke,Sales
438619,Sichman,Chiranjit,Sales
438626,Roohalamini,Shaunak,Sales
438657,Bernatsky,Baziley,Development
438672,Murillo,Phuoc,Development
438676,Mikschl,Conal,Sales
438716,Schmiedel,Marin,Sales
438718,Deville,Shin,Sales
438726,Serov,Ewing,Sales
438737,Syrotiuk,Heping,Development
438787,Wrigley,Tomofumi,Development
438792,Kawashimo,Rasiah,Development
438804,Pollock,Kinh,Development
438805,Lalonde,Eirik,Development
438808,Serna,Marsja,Development
438840,Honiden,Moto,Development
438848,Marchesini,Vishv,Development
438853,Grabner,Satoru,Development
438876,Anguita,Manton,Development
438902,Scharstein,Ziyad,Development
438907,Ecklund,Manibrata,Development
438909,Smailagic,Kish,Development
438930,Murtagh,Luerbio,Development
438931,Vandervoorde,Shigenori,Development
438940,Shackell,Mayumi,Sales
438944,Anick,Florian,Sales
439018,Scharstein,Gay,Sales
439027,Riexinger,Munir,Sales
439036,Papsdorf,Harngdar,Development
439069,Wendorf,Sergi,Development
439072,Kavanagh,Snehasis,Sales
439090,Tsunoo,Hyuncheol,Sales
439106,Nivat,Guiseppe,Sales
439108,Kawashima,Huiqun,Development
439115,Backhouse,Pohua,Development
439147,Chiola,Ebbe,Development
439168,Penn,Fatemeh,Sales
439179,Lanteri,Yurii,Sales
439185,Yurek,Rosalyn,Sales
439216,Mateescu,Aimee,Development
439257,Pluym,Khedija,Sales
439276,Chappelet,Mayuko,Development
439278,Chenney,Sivanarayana,Development
439322,Waeselynck,Jaihie,Sales
439337,DiGiano,Alair,Sales
439350,Koblitz,Kerhong,Development
439354,Lorys,Xinan,Sales
439357,Mukaidono,Srinidhi,Development
439364,Luiz,Gill,Development
439371,Pehl,Satoru,Development
439416,Matzen,Naftaly,Development
439440,Wossner,Uma,Development
439484,Seghrouchni,Muzhong,Development
439495,Pettis,Maris,Development
439501,Falco,Oscar,Sales
439518,Homond,Kenroku,Development
439533,Bage,Kerryn,Sales
439541,Garnick,Dines,Development
439577,Schlumberger,Yannik,Sales
439595,Itzfeldt,Anestis,Development
439604,Nations,Bernd,Sales
439630,Busillo,Ymte,Sales
439660,Budinsky,Zhonghui,Development
439675,Atchley,Yuuichi,Sales
439686,Zeleznik,Maia,Development
439687,Schlumberger,Alejandra,Development
439716,Chleq,Zsolt,Development
439719,Schreiter,Uri,Development
439721,Rassart,Douadi,Development
439723,Vidya,Marko,Development
439741,Polupanov,Kristian,Development
439789,Liedekerke,Almudena,Development
439823,Erdi,Remko,Development
439830,Ramamoorthy,Shem,Development
439834,Ducloy,Moriyoshi,Development
439835,Papadias,Yucai,Development
439855,Cochrane,Zhiguo,Development
439864,Spelt,Izaskun,Development
439887,Dusink,Fuqing,Sales
439889,Benaini,Constantijn,Development
439896,Baaleh,Yahiko,Sales
439948,Hatcliff,Toshimitsu,Sales
439969,Gini,Ohad,Sales
440010,Lamma,King,Development
440072,Schnelling,Mingzeng,Development
440088,Denny,Serge,Sales
440097,Junot,Alselm,Development
440136,Jenevein,Bowen,Sales
440150,Lorcy,Luigi,Development
440169,Holburn,Munenori,Sales
440175,Demos,Babette,Development
440189,Falster,Kiyomitsu,Development
440218,Simmen,Shigeo,Sales
440236,Caine,Franziska,Development
440247,Ambroszkiewicz,Geoff,Development
440255,Schlenzig,Margareta,Sales
440259,Farris,Changho,Sales
440264,Biran,Izaskun,Sales
440291,Fujisaki,Masasuke,Development
440301,Lanzelotte,Sven,Development
440307,Tetzlaff,Hailing,Development
440314,Merlo,Shin,Development
440323,Radwan,Ravishankar,Sales
440326,Krogh,Elvis,Development
440352,Ghalwash,Tianruo,Sales
440366,Armand,Babette,Sales
440370,Gunderson,Fumiya,Sales
440375,Bojadziev,Mitsuyuki,Sales
440380,Magliocco,Ashish,Development
440383,Denny,Bezalel,Development
440400,Karlin,Vasiliy,Sales
440402,Zeleznik,Seongbin,Development
440412,Radivojevic,Eberhardt,Sales
440423,Marquardt,Fumino,Development
440480,Luders,Stepehn,Sales
440541,Goodrum,Subbu,Development
440548,Eastman,Szabolcs,Development
440549,Eldridge,Dietrich,Development
440560,Mayerwieser,Junichi,Sales
440587,Flasterstein,Lijia,Development
440598,Kawashima,Dmitry,Development
440607,Molberg,Kwangjo,Development
440608,Kragelund,Kiyokazu,Sales
440640,Vieri,Xiaoqiang,Sales
440652,Garnier,Nahum,Development
440680,Gammage,Vishu,Development
440713,McClurg,Eldridge,Development
440714,Rosay,Duro,Development
440763,Heystek,Siddarth,Sales
440788,Mawatari,Zita,Development
440794,Dalphin,Emdad,Development
440795,Hemaspaandra,Malu,Development
440804,Harllee,Fumiko,Sales
440812,Baer,Yechiam,Development
440833,Siochi,Etsuo,Development
440872,Nourani,Vishwani,Development
440879,Gewali,Gift,Development
440898,Furudate,Lobel,Sales
440904,Vickson,Eran,Sales
440931,Dratva,Yinghua,Sales
440944,Peac,Masoud,Development
440960,Zirintsis,Moty,Development
440979,Rosay,Dante,Development
440989,Cincotta,Maia,Development
441028,Krychniak,Bernd,Development
441043,Heinisuo,Duangkaew,Development
441059,Borstler,Perla,Development
441061,Klyachko,Ramalingam,Sales
441092,Peres,Raimond,Development
441103,Norsworthy,Hongzhu,Development
441105,Picci,Amabile,Sales
441117,Mondadori,Xiahua,Development
441132,Jansen,Claude,Development
441144,Bolsens,Muneo,Development
441179,Sgarro,Tommaso,Sales
441182,Benantar,Mayumi,Development
441188,Zaumen,Kwee,Development
441190,Dulay,Yuuichi,Development
441208,Murrill,Nitsan,Development
441212,Picaronny,Sigeru,Development
441228,Winter,Kazuhiko,Sales
441240,Nicolson,Shounak,Development
441250,Schlumberger,Yuriy,Development
441280,Stanger,Mohd,Sales
441333,Randi,Horward,Development
441349,Merlo,Oscar,Sales
441352,Menyhert,Christoper,Sales
441371,Leppanen,Vidya,Sales
441394,Iivonen,Nimmagadda,Sales
441407,Roohalamini,Atreyi,Development
441409,Serot,Khalid,Development
441425,Famili,Niteen,Development
441451,Marletta,Fabrizio,Development
441459,Schauser,Rosine,Development
441477,Sevcikova,Kerryn,Sales
441478,Camarinopoulos,Mats,Development
441480,Spataro,Bezalel,Sales
441487,Dulli,Przemyslawa,Development
441495,Feldmann,Marie,Development
441503,Kaiserswerth,Chuanti,Sales
441516,Nitsch,Sanjai,Development
441598,Siepmann,Jingling,Sales
441609,Swiss,Martins,Development
441628,Bazelow,Lubomir,Sales
441632,Sundgren,Lokesh,Development
441668,Crelier,Huiqun,Development
441669,Chimia,Raimond,Sales
441672,Rabehasaina,Inderjeet,Sales
441688,Schwaller,Jayesh,Sales
441698,Halloran,Reinhard,Development
441747,Nicolson,Remmert,Development
441762,Delaune,Mircea,Sales
441773,Cesareni,Shigenori,Sales
441784,Peroz,Vasilii,Development
441826,Einsfeld,Leandro,Sales
441839,Christ,Froduald,Sales
441873,Perri,Georg,Sales
441880,Mikschl,Xiping,Development
441904,Sambasivam,Rosalyn,Sales
441932,Tyugu,Shir,Development
441939,Hennings,Jayson,Development
441955,Sommer,Sudhanshu,Sales
442014,Gajiwala,Radhakrishnan,Development
442054,Vendrig,Sachar,Development
442071,Smailagic,Mandell,Sales
442085,Peha,Jeong,Sales
442093,Weisert,Arvind,Development
442118,Birsak,Utz,Development
442133,Angel,Bernd,Sales
442149,Bodoff,Utpal,Sales
442167,Vigier,Mohamadou,Development
442169,Vidya,Joydip,Development
442188,Rahier,Lucian,Sales
442191,Shackell,Apostol,Development
442196,Hegner,Muzhong,Development
442230,Edelhoff,Anestis,Development
442246,Linares,Richara,Development
442260,Tokunaga,Kayoko,Development
442275,Kropf,Eric,Development
442317,Junet,Jiong,Development
442318,Kavanagh,Lunjin,Development
442326,McFarlan,Seshu,Development
442330,Veeraraghavan,Quingbo,Sales
442341,Mawatari,Manton,Development
442364,Oxman,Barton,Development
442367,Mellouli,Indrajit,Development
442405,Zielinski,Evgueni,Development
442429,Hanabata,Souichi,Development
442430,Baak,Tse,Development
442457,Jahnichen,Zhigen,Development
442460,Ranon,Leon,Development
442539,Suri,Toshimori,Development
442550,Vadhan,Adib,Development
442572,Hellwagner,Lorien,Development
442576,Ramsey,Shietung,Development
442608,Melichar,Nigel,Development
442649,Vendrig,Utz,Sales
442679,Foote,Patricio,Development
442699,Baer,Samphel,Development
442752,Luft,Vugranam,Sales
442754,Fabrizio,Adin,Sales
442802,Bazelow,Angus,Sales
442812,Rodiger,Hugo,Sales
442832,Hettesheimer,Weicheng,Development
442841,Guting,Mahendra,Development
442862,Dayang,Munehiro,Sales
442867,Vrecion,King,Sales
442883,Vendrig,Yinlin,Sales
442907,Percebois,Nitsan,Development
442909,Schwabacher,Augustine,Development
442910,Ellozy,Hatim,Sales
442929,Klerer,Saniya,Development
442964,Georgatos,Zvonko,Development
442966,Ulupinar,Shaw,Development
442972,Rissland,Arumugam,Development
442976,Zultner,Mostafa,Development
442977,Armand,Marlo,Sales
442986,Zeleznik,Nalini,Development
442998,Streit,Karsten,Sales
443018,Pews,Yifei,Development
443071,Billawala,Manibrata,Development
443078,Hennebert,Ortrud,Sales
443097,Strandh,Sudhanshu,Sales
443140,Pramanik,Feixiong,Sales
443160,Vuskovic,Paloma,Development
443182,Luca,Heather,Development
443184,Rusterholz,Fai,Development
443197,Albarhamtoshy,Richard,Development
443204,Schapiro,Lalit,Development
443208,Nilsson,Nakhoon,Development
443211,Buescher,Frazer,Development
443228,Gecseg,Mohammad,Sales
443239,Quaggetto,Arunas,Sales
443240,Gimbel,Billie,Development
443253,Tchuente,Abdulla,Sales
443270,Chvatal,Vasiliy,Sales
443280,Zeidenstein,Sibyl,Development
443297,Egerstedt,Krister,Development
443303,Fadgyas,Nadjib,Sales
443306,Sifakis,Mechthild,Development
443332,Birsak,Leandro,Development
443404,Feldhoffer,Xiaoheng,Sales
443409,Krybus,Elliott,Development
443411,Bahi,Behnaam,Sales
443450,Denti,Shawna,Sales
443457,Demke,Kazuhisa,Sales
443510,Poupard,Martial,Development
443537,Zaiane,Chenxi,Sales
443554,Klyachko,Yolla,Development
443557,Androutsos,Ute,Sales
443571,Garrabrants,Siddarth,Sales
443592,Wursthorn,Dante,Development
443600,Candan,Mingdong,Development
443631,Braunmuhl,Bingning,Sales
443634,Cusworth,Conor,Development
443637,Guenter,Mohua,Sales
443640,Rosaz,Martine,Development
443666,Cherinka,Bluma,Development
443676,Gide,Masasuke,Sales
443696,Douceur,Henk,Sales
443713,Besancenot,Susumu,Development
443733,Welham,Volkmar,Sales
443735,Guenter,Boriana,Development
443737,Zolotykh,Kazuhisa,Development
443752,Rosiles,Chinhyun,Development
443759,Comte,Branimir,Sales
443766,Peot,Van,Development
443773,Bach,Tsutomu,Development
443794,Kroll,Takahira,Sales
443797,Armand,Nirmal,Development
443801,Gopalakrishnan,Yefim,Sales
443829,Baez,Taiji,Development
443838,McClure,Rimon,Sales
443840,Fairtlough,Oguz,Sales
443847,Ligten,Leucio,Development
443917,Lores,Amstein,Sales
443924,Luca,Tooru,Development
443936,Piazza,Moni,Development
443942,Heystek,Kwan,Sales
444008,Stemann,Munehiko,Sales
444026,Poupard,Youssef,Development
444034,Bernardeschi,Jackson,Sales
444045,Hiltgen,Xiadong,Development
444061,Merks,Gal,Sales
444108,McClure,Ung,Sales
444163,Gente,Uriel,Sales
444173,Matteis,Steve,Development
444178,Merks,Guangming,Development
444188,McClure,Ramachenga,Development
444201,Constantine,Yuichiro,Development
444223,Ramsay,Krisda,Sales
444274,Uludag,Bokyung,Sales
444336,Pintelas,Kristine,Sales
444379,Ranka,Atreye,Development
444380,Conta,Gor,Development
444410,Ponthieu,Bingning,Development
444420,Ramsay,Gita,Development
444447,Leuchs,Chuanti,Sales
444450,Terwilliger,Mohua,Development
444494,Merle,Hugo,Sales
444501,Bernick,Mostafa,Development
444503,Garnham,Koichi,Development
444505,Auyong,Hyuckchul,Development
444508,Bahl,Kaijung,Sales
444518,Kaelbling,Uwe,Sales
444521,Vecchi,Lijie,Development
444530,Bael,Carrsten,Development
444551,Gien,Ipke,Sales
444553,Gluchowski,Nikolaus,Sales
444558,Maliniak,Ebru,Development
444560,Kilgour,Jeane,Development
444605,Skafidas,Iara,Sales
444621,Hardjono,Persi,Sales
444641,Zallocco,Unal,Development
444650,Ghelli,Cristinel,Development
444663,Snedden,Sedat,Development
444687,Braccini,Mokhtar,Development
444722,Hiraishi,Ibibia,Development
444732,Cromarty,Yunming,Sales
444736,McClure,Rosli,Development
444738,Gargeya,Takahira,Sales
444758,Hashii,Waiman,Development
444775,Krider,Satosi,Sales
444829,Redmiles,Shuji,Sales
444830,Koprowski,Rasikan,Sales
444837,Ranka,Hinrich,Development
444858,Fandrianto,Rosli,Sales
444882,Cronau,Masoud,Development
444892,Stafford,Eishiro,Development
444907,Manders,Sigeru,Development
444918,Ramamoorthy,Dante,Development
444922,Naudin,Jordanka,Sales
444934,Attimonelli,Oddvar,Sales
444957,Demeyer,Anneke,Development
444971,Preusig,Visit,Development
444979,Iisaku,Takahira,Development
444986,Eldridge,Masaki,Sales
445020,Ligten,Renny,Sales
445023,Dredge,Tadahiro,Sales
445026,Kohling,Kitty,Development
445035,Brodal,Ugo,Development
445046,Kusakari,Hercules,Development
445065,Heinisuo,Sandeepan,Development
445074,Panienski,Nalini,Development
445077,Marquardt,Parke,Sales
445082,Iacovou,Gro,Sales
445121,Beznosov,Gita,Development
445137,Burnard,Uinam,Development
445138,Muhling,Janalee,Development
445144,Ressouche,Mostafa,Development
445160,Eiron,Rimli,Development
445161,Menyhert,Janalee,Sales
445181,Ranft,Steve,Development
445182,Kitai,Subhankar,Sales
445210,Biron,Qingxiang,Development
445218,Decaestecker,Gino,Sales
445220,Luft,Florina,Sales
445223,Ruemmler,Sachin,Sales
445240,Garnier,Cordelia,Development
445242,Conia,Goh,Sales
445248,Bellone,Leandro,Development
445249,Gargeya,Nobuyoshi,Sales
445264,Masamoto,Yannik,Development
445265,Grandbois,Tomofumi,Development
445306,Taubman,Arvind,Sales
445314,Caine,Adel,Development
445315,Conde,Otmar,Sales
445316,Straney,Moni,Development
445334,Sessa,Perla,Development
445336,Delgrange,Fan,Development
445355,Dengi,Susanne,Development
445371,Tempesti,Phillip,Development
445381,Solovay,Heekeun,Sales
445389,Begiun,Sariel,Development
445391,Hopewell,Tesuro,Sales
445397,Servi,Stein,Development
445410,Brodie,Elvia,Development
445412,Ratzlaff,Odinaldo,Sales
445467,Champarnaud,Sangeeta,Development
445484,Ventosa,Yagil,Development
445485,Swiler,Nevin,Sales
445493,Ramsey,Arvind,Development
445505,Khalid,Vugranam,Sales
445509,Templeman,Hein,Sales
445522,Picht,Zhaofang,Development
445550,Baik,Shaz,Development
445552,Kleiser,Ziyad,Sales
445562,Pietracaprina,Alair,Sales
445600,Schlegelmilch,Patricia,Development
445621,Impagliazzo,Shmuel,Development
445626,Lanphier,Satoru,Sales
445632,Bressoud,Zhiguo,Sales
445654,Hertweck,Shietung,Sales
445659,Bodoff,Jagoda,Sales
445683,Gilg,Ziyad,Sales
445715,Schurmann,Shooichi,Sales
445716,Douceur,Sachio,Development
445721,Falby,Arra,Development
445743,Clouatre,Nagui,Development
445760,Schicker,Pohua,Development
445772,Oehlmann,Tuval,Development
445787,Cannard,Conrado,Development
445790,Luon,Visit,Development
445840,Czaja,Marko,Sales
445843,Foong,TRUE,Sales
445848,Emden,Qunsheng,Development
445880,Narwekar,Fei,Sales
445889,Standera,Christophe,Development
445897,Krybus,Oddvar,Development
445902,Dulli,Ziyad,Development
445910,Fritzsche,Patricia,Sales
445911,Gide,JoAnne,Development
445928,Ermel,Abdulah,Development
445932,Schrooten,Mariusz,Development
445964,Kaelbling,Alagu,Development
445985,Ginesta,Van,Development
445995,Denny,Mabo,Development
446028,Cummings,Youssef,Sales
446036,McClurg,Supot,Development
446045,Narwekar,Margareta,Sales
446071,Danner,Rasiah,Sales
446083,Chiodo,Subir,Development
446087,Farris,Samphel,Sales
446088,Verspoor,Nevin,Development
446089,Serov,Junsik,Development
446108,Reinhart,Georg,Sales
446123,Velasco,Chirstian,Development
446128,Rajaraman,Filipe,Sales
446139,Schlenzig,Odoardo,Development
446147,Karunanithi,Krassimir,Development
446182,Baak,Xuejun,Development
446193,Gimbel,Yoshimitsu,Development
446200,Compeau,Xiahua,Development
446203,Benzmuller,Goetz,Development
446223,Perin,Gay,Sales
446241,Schrooten,Oscar,Development
446243,Schwartzbauer,Along,Sales
446244,Baez,Denis,Sales
446274,Penttonen,Lucian,Development
446283,Wursthorn,Shrikanth,Development
446287,Nyrup,Bilhanan,Development
446302,Siepmann,Zhiguo,Development
446314,Speek,Yuguang,Development
446319,Siepmann,Adam,Sales
446324,Matzov,Marit,Development
446350,Zolotykh,Marl,Development
446352,Muhlberg,Sariel,Development
446355,Vieri,Kiam,Development
446367,Ananiadou,Achilleas,Sales
446370,Sewelson,Bedrich,Sales
446391,Camarinopoulos,Kauko,Development
446404,Luks,Malu,Development
446456,Usery,Shimshon,Development
446468,Lanphier,Kagan,Development
446469,Krupka,Yucai,Development
446471,Markovitch,Genevieve,Development
446505,Neimat,Lubomir,Development
446554,Litvinov,Utpal,Development
446565,Passafiume,Phule,Sales
446611,Garigliano,Moto,Sales
446645,Ranst,Ferdinand,Sales
446695,Einsfeld,Filipe,Development
446712,Senzako,Huai,Development
446735,Tiemann,Taizo,Sales
446744,Rahier,Vishv,Development
446758,Peha,Chaitali,Sales
446891,Heuser,Susanta,Sales
446937,Lamba,Maik,Sales
446978,Nollmann,Hyuckchul,Sales
446990,Streng,Zhanqiu,Development
446991,Polupanov,Elgin,Development
447008,Cooman,Zsolt,Sales
447017,Vecchi,Ramachenga,Development
447061,Pluym,Ewing,Sales
447072,Mukaidono,George,Development
447075,Mellouli,Charlene,Development
447076,Straney,Teruyuki,Sales
447091,Perfilyeva,Suzette,Sales
447092,Lorho,Inderjeet,Sales
447103,Takkinen,Uta,Development
447127,Delaune,Shigeaki,Development
447149,Eppinger,Teiji,Sales
447164,Deverell,Ulises,Development
447194,Rando,Anneke,Development
447195,Ruemmler,Jaques,Sales
447203,Lienhardt,Gila,Sales
447238,Comte,Shigehito,Development
447240,Riefers,Maja,Sales
447242,Keustermans,Gino,Development
447260,Kalorkoti,Ramalingam,Development
447294,Kitsuregawa,Florian,Development
447312,Bernick,Munenori,Development
447322,Snedden,Marc,Development
447346,Conta,Zine,Sales
447385,Skrikant,Yongqiao,Sales
447396,Oberman,Kazuyasu,Sales
447399,Murrill,Brewster,Development
447401,Feinberg,Perry,Sales
447420,Peot,Satoru,Development
447451,Taubenfeld,Yuqun,Development
447454,Improta,Niteen,Development
447489,Stassinopoulos,Pranay,Development
447509,Gimbel,Howell,Development
447548,Cardazo,Kazuhide,Development
447562,Dichev,Fen,Sales
447584,VanScheik,Jouni,Development
447593,Suwa,Serif,Sales
447632,Paludetto,Yucel,Development
447635,Ranft,Kitty,Sales
447656,Rissland,Seongbae,Development
447659,Masand,Jenwei,Development
447665,Schaar,Martien,Sales
447705,Docker,Giordano,Sales
447719,Bernardeschi,Jinya,Sales
447727,Merel,Basem,Development
447748,Hammerschmidt,Shooichi,Development
447750,Engberts,Fun,Development
447764,Plotkin,Berna,Development
447773,Peot,Masato,Development
447808,Gimbel,Wanqing,Development
447849,Wissmann,Izaskun,Sales
447930,Poupard,Kagan,Development
448014,Selenyi,Kristof,Development
448037,Trachtenberg,Niclas,Development
448047,Gini,Xinyu,Development
448063,Antonisse,Ayonca,Sales
448074,Matteis,Goncalo,Development
448089,Kalloufi,Xiong,Development
448096,Rouquie,Aksel,Development
448098,Chartres,Kasidit,Sales
448119,Smeets,Nikolaus,Sales
448124,Roohalamini,Hongzhu,Sales
448136,Ushiama,Garnik,Development
448209,Salvesen,Werner,Development
448211,Dratva,Shim,Development
448214,Morton,Sumant,Development
448235,Flowers,Giao,Sales
448237,Tagansky,Chenxi,Sales
448250,Teitelbaum,Susumu,Sales
448282,Peek,Rosine,Development
448297,Ghelli,Nahum,Sales
448313,Carrere,Chinhyun,Sales
448323,Kadhim,Dipayan,Development
448334,Turnbull,Rasikan,Development
448362,Erol,Denis,Sales
448363,Duclos,Elrique,Development
448364,Sinitsyn,Xuedong,Development
448369,Ghelli,Mohit,Development
448394,Atchley,Parke,Sales
448406,Kitsuregawa,Masami,Development
448422,Rahier,Adit,Sales
448436,Baalen,Yannis,Sales
448440,Bala,Idoia,Sales
448460,Kuszyk,Selwyn,Development
448478,Stanger,Ulf,Development
448483,Tempesti,Snehasis,Development
448495,Scharstein,Goncalo,Development
448498,Joslin,Ishfaq,Development
448524,Akazan,Kwangsub,Development
448566,Milicia,Subhada,Development
448572,Szilard,Shigeu,Development
448583,Wolniewicz,Leon,Development
448604,Granlund,Stafford,Development
448610,Laventhal,Parke,Sales
448632,Hiroyama,Chikako,Development
448636,Nooteboom,Leucio,Development
448647,dAstous,Rosalie,Development
448681,Gini,Fayez,Sales
448694,Luef,Constantijn,Development
448698,Hofman,Falguni,Sales
448755,Reeker,Masaki,Development
448762,Lakshmanan,Hirochika,Sales
448764,Guardalben,Collette,Development
448766,Fabrizio,Yinghua,Development
448775,Buescher,Arnould,Development
448777,Driscoll,Perla,Development
448779,Gelosh,Alair,Development
448781,Heering,Luigi,Development
448789,Ranai,Lucian,Sales
448795,Brlek,Jolita,Sales
448799,Socorro,Shahab,Sales
448808,Adachi,Yannik,Development
448813,Mullainathan,Khosrow,Sales
448846,Lipner,Abdulla,Sales
448860,Gecseg,Jixiang,Development
448861,Noriega,Odysseas,Development
448894,Kugler,Rildo,Development
448899,Mattern,Rance,Development
448908,Rehfuss,Mountaz,Development
448950,Brodie,Malu,Development
448974,Vickson,Marlo,Development
449023,Kuhnemann,Jinpo,Sales
449053,Kragelund,Genki,Sales
449069,Gadepally,Gilbert,Development
449075,Lund,Aran,Development
449082,Merey,Barry,Development
449087,Eppinger,Khalid,Sales
449103,Mandelberg,Minghong,Development
449115,Levasseur,Kellyn,Sales
449116,Ranft,Rosli,Development
449129,Kroft,Kamran,Development
449139,Melton,Moni,Development
449141,Szmurlo,Yuqun,Development
449171,Luiz,Divier,Sales
449181,Tagansky,Frederique,Development
449192,Setiz,Basant,Development
449195,Nittel,Vidar,Development
449206,Pelz,Shim,Development
449207,Quaggetto,Takanari,Development
449215,Trumbly,Arvind,Sales
449223,Peak,Gad,Sales
449226,Caine,Shahid,Development
449237,Beutelspacher,Conal,Sales
449261,Baaleh,Hidefumi,Development
449263,Leaver,Aemilian,Sales
449276,Milicic,Geoff,Development
449290,Comellas,Snehasis,Development
449301,Marrakchi,Utpal,Development
449318,DuBourdieux,Khue,Development
449323,Fujisawa,Woody,Development
449363,Schahn,Marco,Development
449369,Litzler,Halsur,Development
449379,Grandbois,Val,Development
449386,Montemayor,Kwan,Sales
449436,Paciorek,Hitofumi,Sales
449477,Zykh,Jaroslava,Development
449485,Murtafg,Along,Development
449487,Codenie,Yonghong,Sales
449489,Hertweck,Naftaly,Sales
449504,Porenta,Chaitali,Development
449507,Back,Teruyuki,Sales
449521,Kalloufi,Tristan,Development
449540,Millington,Wayne,Development
449567,Panienski,Danny,Sales
449577,Brobst,Serap,Sales
449581,Stamatiou,Chuanti,Sales
449596,Ernst,Shigeu,Sales
449604,Varman,Ottavia,Development
449657,Serre,Cathie,Sales
449664,Wielonsky,Toshimitsu,Development
449693,Angiulli,Teruyuki,Development
449745,Imataki,Jeong,Sales
449816,Lanzelotte,Mariangiola,Sales
449847,Garnier,Junichi,Development
449880,Ermel,Charlene,Development
449903,Billingsley,Teruyuki,Sales
449913,Linares,Oscar,Sales
449916,Leslie,Zhonghua,Development
449919,Collette,Sergi,Development
449945,Peris,Shuzo,Development
449955,Baar,Abdelkader,Sales
449961,Swist,Diederik,Development
449962,Heystek,Marsal,Sales
449974,Bruckman,Ayakannu,Development
449992,Azevdeo,Barry,Development
449996,Kavvadias,Georg,Development
450003,Merlo,Malu,Development
450012,Ashish,Byong,Development
450027,Oxenboll,Kwangho,Sales
450108,Miculan,Sashi,Development
450114,Erdmenger,Duro,Sales
450138,Schueller,Kensyu,Development
450154,Hammerschmidt,Ult,Development
450192,Ghalwash,Sachem,Sales
450216,Herath,Ziya,Development
450248,Zaiane,Nigel,Development
450264,Socorro,Aloke,Development
450270,Rosenbaum,Wilmer,Development
450306,Gurbaxani,Idoia,Development
450319,Panienski,Abdelwaheb,Development
450328,Pauthner,Lenore,Sales
450347,Lamba,Otilia,Development
450360,Schmittgen,Moriyoshi,Development
450384,Anido,Raimond,Development
450405,Grospietsch,Radoslaw,Development
450409,Babb,Marla,Development
450422,Ebeling,Tayeb,Development
450457,Ranka,Fun,Sales
450468,Lakshmanan,Aimee,Development
450487,Zwicker,Takushi,Sales
450491,Gyorkos,Junsik,Development
450495,Boguraev,Isaac,Development
450496,Rosti,Shuji,Development
450549,Sudbeck,Hyuckchul,Sales
450550,Gornas,Shigehito,Sales
450556,Zolotykh,Douadi,Development
450585,Remmele,Gaetan,Sales
450596,Jiafu,Dante,Development
450622,Undy,Xuejun,Sales
450625,Calkin,Conrado,Development
450666,Gustavson,Mohammad,Development
450670,Haumacher,Udo,Development
450683,Genther,Kayoko,Sales
450735,Naumovich,Chaitali,Sales
450768,Erdi,Lech,Development
450812,Gerteisen,Feiyu,Development
450822,Furedi,Wuxu,Development
450834,Pelz,Boguslaw,Development
450842,Danner,Charmane,Development
450860,Billingsley,Angus,Sales
450874,Rebaine,Sven,Development
450893,Gerlach,Ulises,Sales
450910,Bodoff,Niranjan,Sales
450928,Heusch,Aris,Development
450937,Ananiadou,Mahendra,Sales
450958,Hardjono,Ferdinand,Sales
450982,Spieker,Takahiro,Development
450990,Ramras,Randi,Sales
451001,Bottner,Kitty,Sales
451004,Pulkowski,Aron,Sales
451007,Jeong,Mingzeng,Sales
451020,Masada,Abdelwaheb,Sales
451040,Backhouse,Taisook,Development
451068,Collavizza,Howell,Sales
451115,Wrigley,Zejun,Development
451120,Welham,Moie,Development
451164,Pargaonkar,Shahaf,Sales
451166,Spataro,Kazuyasu,Development
451173,Lorie,Aloke,Sales
451270,Uludag,Harngdar,Development
451282,Fujisawa,Suzette,Development
451298,Picco,Tetsurou,Development
451313,Chinin,Xiong,Development
451316,Marakhovsky,Alair,Sales
451348,Vanwelkenhuysen,Mayuko,Sales
451361,Petersohn,Kristen,Sales
451364,Raney,Maia,Development
451366,Heystek,Sudhanshu,Development
451375,Cronin,Claudi,Development
451389,Vakili,Maik,Development
451392,Sadowski,Sachar,Sales
451416,Baig,Tru,Sales
451422,Mundy,Ranga,Sales
451426,Nitsche,Tetsushi,Development
451441,Rijckaert,Sahrah,Sales
451482,Molenkamp,Cathie,Development
451488,Shackel,Kshitij,Development
451548,Sridhar,Mari,Sales
451565,Shimshoni,Vishv,Development
451579,Narahari,Hyuncheol,Development
451589,Naudin,Angus,Sales
451621,Shimshoni,Premsyl,Development
451637,Polajnar,Gudjon,Development
451688,Sgarro,Ekawit,Development
451712,Eldridge,Poorav,Sales
451751,Hasham,Kwan,Sales
451754,Krupka,Arnould,Development
451768,Pettey,Jianhao,Sales
451776,Coombs,Ravishankar,Sales
451794,Constantine,Masali,Development
451795,Rosaz,Nirmal,Development
451809,Glowinski,Stella,Development
451811,Rabehasaina,Nalini,Sales
451830,Lamba,Masanao,Development
451858,Mateescu,Moon,Development
451920,Luck,Shigeichiro,Development
451921,Radhakrishnan,Jayesh,Development
451941,Morrin,Pranav,Development
451992,Hagimont,Yuriy,Development
452021,Kobuchi,Karoline,Sales
452057,Chappelet,Srinidhi,Development
452061,Tramer,Ramya,Sales
452093,Menhoudj,Fun,Development
452096,Foong,Jahangir,Sales
452115,Sessa,Barun,Development
452119,Kuhnemann,Dayanand,Sales
452163,Koprowski,Tesuro,Development
452187,Vilarrasa,Tooru,Development
452201,Piveteau,Guenter,Development
452210,Kavanagh,Waiman,Development
452212,Magliocco,Mario,Development
452215,Macedo,Arun,Development
452221,Hainaut,Xinyu,Sales
452232,Masada,Baziley,Sales
452233,Toyoshima,Shigenori,Sales
452239,Vendrig,Stevo,Development
452261,Prenel,Khedija,Development
452263,Braccini,Jaewon,Development
452265,Nastansky,Hisao,Development
452283,Decleir,Hidekazu,Sales
452301,Erva,Basim,Development
452302,Maliniak,Toong,Development
452306,Butner,Lenore,Development
452312,Portugali,Kaijung,Sales
452324,Wielonsky,Mokhtar,Sales
452326,Fontet,Sugwoo,Development
452351,Coors,Vidya,Development
452367,Georgakopoulos,Martina,Development
452388,Maraist,Ung,Sales
452399,Furudate,Ugo,Development
452403,Arlazarov,Angel,Development
452409,Szmurlo,Jaihie,Sales
452451,Matzen,Duro,Development
452461,Heijenga,Suvo,Development
452462,Esposito,Demos,Development
452472,Zaiane,Sreenivas,Development
452481,Kavanagh,Kazunori,Sales
452499,Kitai,DAIDA,Development
452541,Strandh,Morris,Sales
452550,Perez,Thanasis,Development
452553,Baalen,Jagoda,Sales
452597,Ermel,Urs,Development
452608,Yeung,Aimee,Development
452621,Dolinsky,Werner,Sales
452687,Wissmann,Moss,Sales
452690,Hempstead,Maia,Sales
452715,Marshall,Taegyun,Development
452739,Thombley,Yinghua,Development
452759,Uehara,Kazuhide,Sales
452761,Hellwagner,Vishwani,Sales
452769,Huhdanpaa,Domenick,Development
452777,Chiola,Rance,Development
452778,Chandrasekhar,Christ,Sales
452785,Cusworth,Honglan,Development
452792,Bade,Dmitry,Sales
452796,Flexer,Xinan,Sales
452809,Picel,Tzvetan,Development
452837,Garnham,Muzhong,Development
452858,Bage,Tiina,Development
452869,Klassen,Abdulla,Development
452911,Bael,Augustine,Sales
452928,Bondorf,Etsuo,Sales
453066,Broder,Tamiya,Development
453076,Azuma,Gunilla,Development
453126,Lowrie,Jeanna,Development
453133,Terekhov,Mani,Sales
453151,Rosiles,Yuping,Sales
453152,Caine,Sasan,Development
453155,Matzov,Rosella,Sales
453161,Mondadori,Shuho,Development
453183,Ventosa,Maha,Sales
453206,Schaft,Marsja,Development
453214,Hennebert,Xiaoheng,Development
453235,Harbusch,Unal,Sales
453237,Puoti,Aamer,Development
453245,Reinhart,Shir,Development
453262,Eiron,Manohar,Development
453265,Auria,Kauko,Development
453268,Michaeli,Debaprosad,Development
453298,Juneja,Navin,Development
453316,Conde,Gennady,Development
453342,Matzel,Sashi,Sales
453360,Perfilyeva,Jianhao,Development
453405,Merli,Takushi,Development
453406,Itzfeldt,Nalini,Development
453464,Tokunaga,Ferdinand,Sales
453479,Sudbeck,Zhensheng,Sales
453502,Stentiford,Bojan,Development
453509,Fiebach,Douadi,Development
453529,Journel,Lokesh,Development
453541,Stasinski,Fumitake,Development
453591,Cullers,Odoardo,Sales
453596,Petersohn,Boutros,Sales
453623,Hiroyama,Leah,Development
453635,Soloway,Xiaoheng,Sales
453660,Lueh,Supot,Sales
453661,Stanger,Yifei,Development
453667,Swan,Takahiro,Development
453704,Murtafg,Alper,Development
453708,Encarnacion,Brigham,Development
453716,Tsukuda,Kiyomitsu,Sales
453718,Kumaresan,Mohan,Sales
453722,Ushiama,Maja,Sales
453734,Aloisi,Junsik,Development
453736,Schmiedel,Siamak,Sales
453766,Begiun,Vatsa,Sales
453805,Selvestrel,Ziyad,Development
453808,Ruemmler,Hidefumi,Development
453811,Shimshoni,Mountaz,Sales
453837,Basawa,Shrikanth,Sales
453874,Erol,Arnould,Development
453890,Paludetto,Wojceich,Development
453912,Osgood,Inderjeet,Sales
453918,Tchuente,Michaela,Development
453926,Ginneken,Kwee,Development
453944,Angiulli,Uma,Development
453952,Callaway,Constantino,Sales
453972,Molenaar,Shem,Sales
454057,Sabnani,Jianwen,Sales
454067,Lindenbaum,Uma,Sales
454081,Angiulli,Paddy,Sales
454101,Leslie,Anneke,Sales
454110,Ramalingam,Franziska,Development
454132,Boreale,Ugo,Development
454178,Genin,Yoshimitsu,Development
454182,Cooke,Mack,Sales
454195,Pettit,Dmitry,Sales
454198,Murrill,Guenter,Sales
454231,Schoegge,Giordano,Sales
454233,Bruckman,Ewing,Sales
454241,Luff,Harngdar,Sales
454247,Perfilyeva,Xinan,Sales
454260,Heuser,Jinya,Development
454261,Schaaf,Gor,Sales
454312,Calkin,Fayez,Development
454322,Delaune,Dulce,Sales
454323,Willoner,Serenella,Sales
454340,Alencar,Amabile,Development
454342,Jording,Tonia,Sales
454364,Giveon,Neven,Development
454365,Koshino,Kazuhisa,Development
454375,Paludetto,Nevio,Sales
454376,Rosaz,Fabrizio,Sales
454389,Garnick,Nathan,Development
454398,Braunmuhl,Qunsheng,Sales
454400,Vecchi,Gen,Sales
454434,Chartres,Odysseas,Development
454444,Wynblatt,Mamdouh,Sales
454449,Wilfing,Jasminko,Development
454516,Delgrande,Mariusz,Sales
454580,Ruther,Leon,Development
454607,Unno,Elgin,Development
454612,Pell,Gor,Sales
454643,Apsitis,Woody,Development
454659,Kamber,Xiahua,Development
454670,Gecsel,Rance,Development
454680,Pollock,Otilia,Development
454709,Haldar,Serap,Development
454733,Milicia,Peer,Development
454745,Vigier,Marjo,Development
454750,Naudin,Fumitake,Development
454754,Skogmar,Bernd,Sales
454761,Hmelo,Sumant,Development
454789,DuBourdieux,Ramachenga,Sales
454828,Demian,Udo,Development
454836,Siprelle,Kazuyasu,Development
454863,Krichel,Abdelghani,Development
454899,Cronin,Oguz,Development
454900,Malabarba,Shalesh,Development
454931,Salvesen,Duangkaew,Development
454932,Zaiane,Sampalli,Sales
454951,Bauknecht,Weiye,Sales
454966,Goodrum,Genta,Sales
454991,Koblick,Haldon,Sales
455009,Birta,Udaiprakash,Sales
455088,Sevcikova,Alenka,Development
455096,Zaiane,Masanao,Development
455103,Docker,Tremaine,Development
455104,Felcyn,Duro,Development
455112,Rosen,Chaoyi,Sales
455122,Molenkamp,Chaosheng,Development
455123,Lamparter,Satoru,Development
455160,Cooley,Mahendra,Development
455164,Wilfing,Khosrow,Sales
455172,Litecky,Chiradeep,Development
455204,Conte,Eckart,Sales
455223,Fabrizio,Sariel,Development
455230,Baranowski,Manohar,Sales
455237,Walston,Kotesh,Development
455258,Leuchs,Vatsa,Development
455266,Czaja,Zita,Development
455280,Keustermans,Nathalie,Development
455297,Ritcey,Tetsushi,Sales
455333,Anick,Souichi,Development
455337,Berendt,Kamakshi,Development
455355,Rotem,Remko,Sales
455373,Eiter,Shimshon,Sales
455392,Rothenberg,Wojceich,Development
455402,Luce,Nidapan,Sales
455461,Angel,Adam,Sales
455464,Crelier,Willard,Sales
455470,Toyoshima,Gal,Development
455476,Speek,Limsoon,Sales
455496,Schaap,Kasidit,Sales
455508,Chvatal,Holgard,Development
455512,Pollock,Nevin,Development
455529,Rodier,Hidefumi,Sales
455545,Delgrange,DAIDA,Sales
455559,Papastamatiou,Shan,Sales
455590,Danlos,Claude,Development
455621,Stanger,Paddy,Sales
455622,Klyachko,Teiji,Development
455631,Gewali,Barry,Development
455649,Marwedel,Kirk,Development
455727,Veccia,Kolar,Sales
455751,Murthy,Theirry,Development
455755,Kenevan,Mihalis,Development
455758,Nilsson,Garnet,Development
455765,Gronowski,Shim,Development
455769,Braunmuhl,KayLiang,Sales
455770,Picci,Petter,Sales
455801,Paludetto,Suzette,Development
455809,Dusink,Ramachenga,Development
455818,Validov,Rosita,Development
455827,Valette,Yuuichi,Development
455837,Lindqvist,Sachin,Sales
455844,Rosiles,Masadi,Development
455848,Penttonen,Pramod,Development
455871,Verspoor,Sachar,Development
455902,Demos,Marsha,Development
455923,Cesareni,Salvador,Development
455927,Deverell,Gina,Development
455932,Polupanov,Wanqing,Development
455933,Beilner,Danco,Development
455940,Decaestecker,Perry,Development
455949,Harllee,Adam,Development
455957,Basagni,Mack,Sales
455966,Rissanen,Guoxiang,Sales
455998,Panangaden,Dante,Sales
456007,Aloia,Souichi,Sales
456030,Smeets,Yechezkel,Development
456052,Rosaz,Ishfaq,Sales
456053,Buescher,Eldridge,Development
456079,Kalefeld,Ayakannu,Sales
456089,Kamber,Huican,Development
456100,Lalonde,Monique,Sales
456101,Krone,Masako,Development
456111,Legleitner,Vincent,Sales
456133,Ullian,Aleksander,Development
456158,Takanami,Jungsoon,Development
456161,Lindenbaum,Pranas,Sales
456174,Raczkowsky,Vojin,Sales
456204,Zschoche,Leif,Sales
456205,Botman,Faiza,Development
456241,Bolsens,Rafael,Development
456286,Taubenfeld,Maria,Sales
456294,Shinomoto,Vishv,Development
456300,Chiodo,Demin,Development
456317,Beerel,Lucian,Development
456361,Georgatos,Bouchung,Development
456411,Maraist,Masanao,Sales
456440,Stassinopoulos,Kersti,Development
456454,Wursthorn,Peer,Development
456476,Lipner,Spyrose,Development
456509,Schlegelmilch,Gio,Sales
456553,Gulla,Aram,Sales
456556,Ghemri,Gay,Sales
456569,Rando,Gurbir,Development
456600,Bahr,Berhard,Sales
456601,Sanella,Zeljko,Sales
456603,Trystram,Khun,Development
456610,Ellozy,Erez,Development
456657,Akaboshi,Frederique,Sales
456661,Rossi,Phillip,Sales
456672,Schaap,Jongsuk,Development
456683,Qiwen,Yishai,Development
456692,Polupanov,Akeel,Development
456718,Gurbaxani,Arumugam,Sales
456732,Roohalamini,Kazuhiko,Development
456736,Pettit,Anoosh,Development
456744,Chandrasekhar,Maia,Development
456751,Pfau,Danai,Sales
456761,Auyong,Gregory,Development
456792,Beznosov,Alselm,Development
456806,Vingron,Filipp,Development
456816,Aumann,Mountaz,Development
456886,Templeman,Haldun,Development
456905,Tzvieli,Filipe,Development
456919,Homond,Garnet,Development
456927,Comellas,Kensei,Sales
456959,Figueira,Giordano,Development
456990,Merks,Urs,Development
457005,Slutz,Dharmaraja,Development
457015,Biran,Yoshinari,Sales
457051,Bain,Rosli,Sales
457054,Litecky,Pascal,Development
457071,Herath,Gino,Development
457074,Magalhaes,Mingzeng,Development
457089,Lambe,Jacqueline,Development
457092,Kriebel,Serif,Development
457125,Krupka,Leah,Sales
457126,Warwick,Hongzue,Sales
457138,Baek,Stepehn,Development
457184,Makrucki,Akemi,Development
457191,Iacovou,Barun,Development
457201,Muhling,Bowen,Development
457202,Mersereau,Uzi,Sales
457206,Nitta,Zhiguo,Development
457291,Kitsuregawa,Charlene,Development
457295,Rusterholz,Janalee,Development
457299,Molenkamp,Zito,Development
457310,Butner,Masali,Development
457360,Rosar,Fumitaka,Sales
457387,Redmiles,Nikolaus,Sales
457392,Terlouw,Taisook,Development
457393,Zuberek,Monique,Development
457417,Kirkerud,Hongzue,Development
457422,Fasbender,Dung,Sales
457443,Sethi,Wonhee,Sales
457457,Moehrke,Nahid,Development
457459,Schieder,Huei,Sales
457461,Chenoweth,Sachio,Development
457487,Valtorta,Padma,Sales
457530,Sambasivam,Salvador,Development
457541,Furudate,Jovan,Development
457550,Schlegelmilch,Mingdong,Sales
457577,Rosay,Adin,Sales
457591,Imataki,Jaewoo,Development
457592,Ducloy,Weiwu,Development
457598,Vidya,Marla,Development
457601,Leuchs,Magdalena,Development
457606,Janocha,Bodo,Sales
457627,Giaccio,Hiroyasu,Development
457651,Pauthner,Hongzhu,Development
457717,Iwayama,Jeong,Development
457770,Nitsch,Ute,Sales
457801,Antonakopoulos,Abdulla,Sales
457836,Veeraraghavan,Yoshinari,Development
457842,Sidou,Xianlong,Development
457849,Benveniste,Vugranam,Sales
457862,Holburn,Masamitsu,Development
457880,Segond,Chrisa,Sales
457890,Fendler,Thodoros,Development
457948,Basagni,Fayez,Development
457964,Zallocco,Nigel,Development
457970,Matteis,Herb,Development
457972,Luck,Stamatina,Development
457973,Maksimenko,Shahid,Sales
457990,Oaver,Taiji,Development
458009,Laventhal,Rosine,Development
458015,Noriega,Amalendu,Development
458017,Pellegrinelli,Sampalli,Sales
458036,Chiodo,Shai,Development
458048,Onuegbe,Hugo,Sales
458054,Benaini,Yagil,Development
458058,Klassen,Marjo,Development
458084,Stamatiou,DAIDA,Sales
458090,Hofstetter,Teunis,Development
458105,Jonsson,Zejun,Development
458135,Olivero,Navid,Development
458147,Ramsey,Erzsebet,Sales
458162,Pearson,Pragnesh,Development
458199,Isard,Yuguang,Development
458222,Kavvadias,Djenana,Sales
458236,Kumaresan,Tadahiko,Development
458238,Baumann,Barton,Development
458266,Badache,Shahid,Sales
458286,Doering,Bokyung,Development
458326,Penttonen,Christfried,Development
458356,Stenning,Mari,Development
458377,Lieblein,Hidekazu,Development
458384,Bashian,Rutger,Sales
458389,Kroha,Khosrow,Sales
458391,Cangellaris,Martine,Sales
458398,Farris,Macha,Development
458416,Krybus,Lucian,Development
458419,Avouris,Munir,Development
458452,Suwa,Mamdouh,Sales
458473,Schoegge,Eben,Development
458525,Angiulli,Amstein,Sales
458528,Famili,Danco,Sales
458535,Krohm,Shaowei,Sales
458564,Portugali,Shmuel,Sales
458585,Kilgour,Fen,Development
458596,Lubachevsky,Diederik,Development
458597,Feldmann,Valeri,Sales
458612,Suppi,Zsolt,Sales
458623,Manderick,Wuxu,Sales
458665,Chepyzhov,Xiaopeng,Development
458690,Osgood,Yagil,Development
458695,Schreiter,Dmitry,Sales
458710,Willoner,Uwe,Development
458712,Miake,Bingning,Development
458729,Parhami,Piyawadee,Sales
458739,Lienhardt,Jacqueline,Development
458742,Ranze,Fay,Development
458752,Ernst,Dzung,Development
458787,Brandsma,Katsuyuki,Sales
458798,Rotem,Persi,Development
458830,Murillo,Denny,Development
458836,Ullian,Denny,Development
458851,Monarch,Larisa,Sales
458868,Olano,Xudong,Development
458875,Vesna,Hatim,Development
458936,Siksek,Jacqueline,Sales
458948,Boissier,Mang,Sales
458963,Krider,Mayuri,Development
458966,Ciolek,Billie,Development
458972,Nergos,Emdad,Development
458984,Plump,Hairong,Development
458987,Prenel,Shushma,Development
459013,Backhouse,Evgueni,Sales
459016,Yoshizawa,Vatsa,Sales
459020,Peha,Shiv,Development
459021,Menhardt,Teruyuki,Sales
459026,Gyimothy,Kazuhisa,Development
459031,Raoux,Kazuhiro,Sales
459042,Hiyoshi,Lena,Development
459069,Geffroy,Charmane,Development
459083,Morton,Eishiro,Development
459091,Mitina,Aksel,Development
459100,Thibadeau,Mohammad,Development
459119,Brender,Yannis,Development
459154,Garigliano,Odoardo,Development
459158,Anger,Naftali,Sales
459173,Basawa,Lein,Sales
459177,Velardi,Duangkaew,Development
459189,Thebaut,Marsja,Development
459228,Reinhard,Kwun,Development
459240,Henders,Randi,Development
459247,Aseltine,Teunis,Development
459249,Brookman,Tru,Sales
459307,Pouyioutas,Garnik,Development
459332,Luan,Krassimir,Sales
459339,Henseler,Khalil,Sales
459342,Vidal,Niclas,Sales
459347,Baca,Martijn,Sales
459351,Jeansoulin,Zorica,Development
459417,Skafidas,Goo,Development
459450,Sullins,Kersti,Development
459462,Lortz,Dzung,Development
459463,Denis,Akeel,Sales
459489,Comellas,Pascal,Development
459497,Facello,Phillip,Development
459507,Streng,Sanjit,Development
459531,Kawashimo,Gian,Development
459535,Emmerich,Chinya,Development
459541,Hutton,Seongbae,Sales
459551,Jervis,Amalendu,Sales
459572,Sewelson,Houman,Sales
459596,Bernardinello,Constantino,Development
459601,Hoogerwoord,Baruch,Sales
459609,Peris,Lenore,Sales
459617,Pollacia,Sangeeta,Sales
459623,Camarinopoulos,Marjo,Development
459625,Lammel,Stella,Development
459635,Gaughan,Valeri,Sales
459646,Rouquie,Uri,Sales
459650,Pepe,Przemyslawa,Sales
459662,Krybus,Jasminko,Development
459663,Hiyoshi,Yongdong,Sales
459671,Flowers,Mark,Development
459679,Budinsky,Bikash,Development
459692,Flasterstein,Kyoichi,Sales
459711,Junot,Fusako,Sales
459728,Reinhard,Radhia,Development
459750,Ernst,Danai,Sales
459757,Chimia,Duri,Development
459811,Meszaros,Gopalakrishnan,Development
459831,Hennings,Xiaopeng,Development
459867,Theuretzbacher,Nechama,Development
459871,Gulik,Katsuo,Development
459877,Demir,Shem,Sales
459883,Businaro,Richara,Development
459918,Quittner,Yakkov,Development
459921,Quittner,Chirstian,Sales
459930,Przulj,Genevieve,Development
459991,Salinas,Nevin,Development
459998,Birta,Vidya,Development
460010,Masada,Marl,Development
460032,Cusworth,Kenroku,Development
460033,Ariola,Paris,Sales
460044,Litecky,Houman,Development
460046,Codenie,Domenick,Development
460108,Radhakrishnan,Becky,Development
460114,Perna,Sailaja,Sales
460157,Parascandalo,Sudhanshu,Sales
460174,Felcyn,Udo,Development
460186,Papastamatiou,Zhanqiu,Sales
460229,Avouris,Aimee,Sales
460244,Menhardt,Danae,Development
460256,Meriste,Constantine,Development
460300,Stemann,Berhard,Development
460323,Erbe,Tse,Development
460335,Sethi,Toney,Sales
460340,Shanbhogue,Arun,Development
460359,Lundstrom,Elgin,Development
460361,Vieth,Roddy,Sales
460395,Rosar,Salvador,Sales
460425,Sidhu,Inderjeet,Development
460441,Cesareni,Hatim,Development
460453,Schneeberger,Jaideep,Sales
460478,Talmon,Masadi,Development
460491,Birge,Xiaopeng,Development
460498,Ponthieu,Jacopo,Sales
460511,Ponthieu,Hyuncheol,Development
460531,Lagarias,Satyanarayana,Sales
460549,Pillow,Boriana,Sales
460564,Percebois,Marie,Development
460568,Schiettecatte,Zhiwei,Development
460576,Arlazarov,Pascal,Development
460588,DasSarma,Chuanyi,Development
460613,Alpin,Odysseas,Development
460623,Barreiro,Aiman,Development
460643,Schade,Yechezkel,Development
460652,Back,Joydip,Development
460655,Azuma,Alenka,Sales
460660,Azevdeo,Pranav,Sales
460673,Zallocco,Houman,Development
460723,Pollock,Christfried,Sales
460739,Wossner,Yinlin,Development
460755,McClurg,Werner,Sales
460762,Lund,Cordelia,Development
460797,Vecchio,Randi,Sales
460808,Peek,Sushant,Development
460814,Birnbaum,Sadegh,Development
460817,Worfolk,Ewing,Sales
460825,Molenaar,Minghong,Development
460853,Stasinski,Guther,Sales
460859,Sadowsky,Duke,Development
460876,Aingworth,Vidar,Development
460894,Suppi,Hideyuki,Development
460902,Aamodt,Nimmagadda,Development
460906,Besancenot,Danel,Development
460918,McClure,Noritoshi,Development
460934,Xiaoshan,Utpal,Sales
461005,Zaccaria,Vugranam,Sales
461022,Krichel,Munehiko,Development
461024,Stellhorn,Abdulla,Development
461027,Acton,Raimond,Development
461091,Marciano,Faiza,Development
461102,Bhattacharjee,Zengping,Sales
461118,Kaiser,Itzchak,Development
461140,Ramsay,Khun,Development
461144,Baar,Marla,Sales
461145,Selenyi,Filipp,Development
461158,Luef,Jenwei,Sales
461178,Verhoeff,Masasuke,Sales
461210,Chleq,Kish,Sales
461219,Ushiama,Martina,Development
461226,Iisaku,Ugo,Development
461271,Erva,Constantijn,Sales
461285,Pintelas,Yefim,Sales
461291,Speek,Shigeichiro,Sales
461295,Bierman,Insup,Sales
461303,Simmen,Badri,Development
461309,Zaumen,Nahum,Development
461313,Khamsi,Mohamadou,Development
461317,Chartres,Leni,Development
461319,Rotem,Kenton,Development
461328,McAffer,Mohit,Sales
461358,Boguraev,Bernice,Development
461364,Huttel,Vasilii,Sales
461373,Collette,Yonghoan,Development
461417,Cromarty,Jianhui,Development
461421,Baig,Reinhold,Development
461480,Trystram,Guttorm,Development
461488,Przulj,Miomir,Development
461545,Highland,Mooi,Development
461556,Shokrollahi,Gina,Development
461562,Ducloy,Shimshon,Sales
461615,Borovoy,Flemming,Sales
461625,Bael,Margareta,Sales
461640,Auyong,Krassimir,Development
461654,Kropp,Douadi,Development
461672,Cardazo,Adib,Development
461693,Cappello,Fusako,Development
461694,Dratva,Arup,Sales
461703,Raczkowsky,Toshimi,Sales
461718,Gruenwald,Florina,Development
461751,Terlouw,Billie,Development
461757,Isaac,Hailing,Development
461758,Weiland,Niclas,Development
461763,Marsiglia,Arunachalam,Development
461769,Birge,Bodo,Development
461778,Vasanthakumar,Chanjung,Sales
461789,Gide,Kousuke,Development
461803,Radwan,Charmane,Sales
461812,Kaiser,Kristine,Sales
461820,Prenel,Lansing,Development
461833,Rosar,Shuho,Development
461848,Lemarechal,Randi,Sales
461860,Syrotiuk,Chaosheng,Development
461861,Marsiglia,Aron,Sales
461877,Pepe,Kousuke,Development
461891,Stranks,Ranan,Development
461898,Narahari,Alassane,Development
461903,Puppe,Hironoby,Development
461907,Negoita,Van,Sales
461915,Sambasivam,Alejandro,Sales
461928,Wolniewicz,Gopalakrishnan,Development
461949,Laurillard,Duro,Sales
461958,Slobodova,Mohit,Sales
461960,Ramsay,Remko,Sales
461962,Raoux,Shugo,Development
461979,Mandelberg,Fayez,Development
461990,Norsworthy,Jacopo,Sales
462016,Danner,Taiji,Sales
462017,Cronau,Cheong,Development
462028,Angot,Rasiah,Development
462034,Lund,Geoffry,Development
462062,Einsfeld,Francoise,Sales
462073,Plump,Alassane,Sales
462085,Gulla,Marco,Development
462086,Bressoud,Fayez,Development
462097,Keohane,Mircea,Sales
462109,Yeung,Danil,Sales
462111,Sudbeck,Udo,Development
462119,Masamoto,Dmitri,Sales
462132,Gronowski,Phule,Development
462144,Nooteboom,Koldo,Sales
462145,Thimonier,Gurbir,Sales
462151,Templeman,Akeel,Development
462157,Emmart,Mabhin,Sales
462186,Fontet,Mikhail,Development
462208,Hopewell,Stafford,Sales
462230,Ballarin,Torsten,Development
462231,Albarhamtoshy,Anneke,Sales
462237,Mundy,Achilleas,Development
462246,Cooley,Kenton,Development
462271,Redmiles,Feiyu,Sales
462282,Morton,Adly,Sales
462284,Farrow,Samphel,Sales
462289,Adachi,Kenroku,Development
462345,Pileggi,Taisook,Development
462351,Jullig,Ohad,Development
462368,Tsukune,Bodo,Development
462386,Rullman,Parviz,Development
462390,Yavatkar,Leah,Development
462403,Segond,Kensei,Development
462470,Worfolk,Satyanarayana,Development
462473,Butterworth,Honesty,Development
462485,Reutenauer,Yakichi,Sales
462506,Bugaenko,Achilleas,Development
462510,Barvinok,Kshitij,Development
462512,Leuchs,Youjian,Development
462552,Michaels,Hironobu,Development
462559,Swift,Adas,Development
462581,Szmurlo,Anneke,Sales
462648,Sridhar,Fatemeh,Development
462659,Erni,Boguslaw,Sales
462668,Jenevein,Bedrich,Sales
462698,Blokdijk,Tzvetan,Development
462705,Norsworthy,Mohit,Sales
462737,Szemeredi,Yuguang,Development
462742,Kruskal,Jayson,Sales
462759,Kaiserswerth,Bodo,Development
462760,Baja,Chenye,Sales
462776,Dechter,Mostafa,Sales
462800,Auria,Sariel,Development
462829,Range,Moss,Development
462844,Gini,Khatoun,Development
462849,Pintelas,Tadahiro,Sales
462859,Gire,Xinglin,Development
462863,Cullers,Jamaludin,Development
462865,Schaad,Kensei,Sales
462875,Picaronny,Francoise,Development
462890,Peak,Jinya,Sales
462911,Kusakabe,Shay,Sales
462919,Atrawala,Taizo,Development
462924,Veevers,Sanjay,Development
462932,Loncour,Jaber,Sales
462933,Hemaspaandra,Randy,Development
462955,Kusakabe,Eben,Development
462994,Haldar,Horward,Sales
463010,Prochazka,Abdelwaheb,Development
463019,Figueira,Jovan,Sales
463029,Cmelik,Huiqun,Development
463042,Peron,Billie,Development
463067,Gyorkos,Oddvar,Development
463078,Mateescu,Shirish,Sales
463093,Frolund,Evgueni,Sales
463131,Bolsens,Cathie,Development
463155,Sabnani,Aemilian,Development
463161,Milicia,Subhash,Development
463185,Rosay,Yahiko,Sales
463256,Demos,Mabhin,Sales
463295,Caine,Kersti,Sales
463312,Godskesen,Keung,Sales
463316,Iwayama,Seongbae,Development
463357,Zedlitz,Shaz,Sales
463368,Irland,Kotesh,Development
463413,Lorys,Kristinn,Development
463431,Samarati,Lalit,Sales
463459,Farrag,Mohammed,Development
463463,Klerer,Katsuyuki,Sales
463519,Munch,Navid,Sales
463529,Kusakabe,Inderjeet,Development
463535,Uhrik,Arch,Sales
463548,Huhdanpaa,Chinho,Development
463549,Ghazalie,Rutger,Development
463554,Kranzdorf,Kristina,Development
463608,Vernadat,Golgen,Development
463621,Kobara,Lidong,Development
463630,Poujol,Lokesh,Development
463634,Gihr,Randi,Development
463649,Picaronny,Leaf,Sales
463658,Kroha,Weiyi,Sales
463665,Hutter,Berthier,Development
463679,Thimonier,Constantijn,Development
463686,Wiegley,Uri,Development
463725,Zumaque,Wonhee,Development
463736,Smeets,Howell,Development
463746,Reistad,Berhard,Sales
463768,Pillow,Mihalis,Development
463782,Braccini,Teiji,Sales
463785,Felder,Marlo,Sales
463796,Heijenga,Sariel,Development
463806,Borstler,Freyja,Development
463808,Mitchem,Berni,Development
463814,Kandlur,Lena,Development
463862,Compeau,Baocai,Development
463863,Bellmore,Panayotis,Development
463910,Aloia,Kristine,Development
463917,Cummings,Harngdar,Development
463921,Bahr,Lalit,Sales
463935,Haldar,Izaskun,Development
463959,Zaccaria,Lein,Development
463978,Pillow,Pasqua,Development
463993,Serot,Debaprosad,Development
464006,Quittner,Adly,Development
464022,Beznosov,Bartek,Sales
464024,Yavatkar,Bangqing,Development
464033,Beilner,Fan,Development
464039,Cooley,Giap,Development
464040,Kavraki,Hyuncheol,Sales
464050,Bratten,Shan,Sales
464054,Ranai,Ger,Development
464087,Madeira,Shan,Development
464128,Halloran,Elvia,Sales
464155,Horswill,Sachar,Development
464160,Knightly,Xiaoqiu,Development
464194,Brobst,Sakthirel,Development
464200,Foong,Junichi,Sales
464220,Shrader,Sibyl,Development
464242,Androutsos,Gen,Sales
464258,Heijenga,Manu,Development
464300,Gischer,Tonia,Development
464310,Molenkamp,Marit,Sales
464319,Lyonns,Uzi,Development
464326,DuBourdieux,Yahiko,Development
464346,Bazzichi,Bernardo,Sales
464365,Krogh,Shaowen,Sales
464374,Slutz,Peternela,Development
464387,Klassen,Shim,Sales
464454,Anandan,Rosalyn,Development
464524,Minakawa,Youssef,Development
464542,Holburn,Masako,Development
464544,Koshiba,Duke,Sales
464549,Pelc,Make,Development
464550,Lamparter,Xuedong,Sales
464555,Zastre,Kellyn,Sales
464588,Pargas,Xiaoshan,Sales
464600,Osgood,Martijn,Development
464601,Garigliano,Honesty,Development
464622,Liesche,Minghong,Sales
464631,Vesna,Greger,Development
464637,Verhoeff,Giap,Development
464654,Pillow,Ohad,Sales
464657,Baba,Martine,Sales
464681,Azulay,Oldrich,Sales
464692,Katiyar,Paraskevi,Sales
464701,Paludetto,Hongzhu,Sales
464708,Bierman,Taizo,Sales
464713,Marletta,Xiaoheng,Development
464757,Brattka,Mingzeng,Development
464773,Leslie,Yahiko,Development
464778,Assaf,Shunichi,Development
464799,Undy,Dipankar,Development
464820,Linnainmaa,Seshu,Development
464845,Hooghiemstra,Toong,Development
464857,Magliocco,Limsoon,Sales
464864,Schmittgen,Shen,Sales
464866,Rikino,Sreekrishna,Development
464906,Stille,Sachem,Development
464914,Bolotov,Jinxi,Development
464933,Kriebel,Alair,Development
464937,Luit,Fai,Development
464939,Eugenio,Woody,Sales
464942,Alpin,Shiv,Sales
464995,Biros,Muneo,Development
464996,Lagarias,Takahira,Development
465072,Zambonelli,Masasuke,Sales
465103,Heuser,Falguni,Development
465104,Dolinsky,Chrisa,Development
465119,Portugali,Radhakrishnan,Sales
465131,Buescher,Heather,Sales
465146,Naumovich,Naftaly,Sales
465162,Hashii,Iara,Sales
465194,Aloia,Yechiam,Development
465199,Plotkin,Wojceich,Development
465228,Iwayama,Rosalie,Sales
465289,Perez,Troy,Sales
465290,Masaki,Toshimo,Development
465311,Lenart,Mitchel,Development
465321,Slobodova,Fumitaka,Sales
465328,Cesareni,Xianlong,Development
465367,Cappello,Chiranjit,Development
465370,Chvatal,Kazuhiko,Development
465391,Foote,Dipankar,Development
465392,Ruemmler,Laurentiu,Sales
465403,Spelt,Arunas,Sales
465425,Pena,Weicheng,Development
465430,Zyda,Valery,Development
465446,Soicher,Jaihie,Sales
465447,Kabayashi,Mahmut,Development
465460,Meszaros,Shawna,Development
465468,Cairo,Chrisa,Development
465471,Birta,Wilmer,Sales
465510,Marciano,Kazuhira,Development
465537,Plessier,Jaideep,Development
465539,Ferretti,Xiaoqiang,Development
465547,Alpin,Bernice,Sales
465560,Wrigley,Berhard,Development
465581,Highland,Kiyomitsu,Development
465582,Lukaszewicz,Licheng,Development
465603,Lorch,Uma,Sales
465609,England,Insup,Sales
465657,Garigliano,Aiman,Development
465658,Zlotek,Phule,Development
465663,Llado,Anoosh,Sales
465679,Segond,Georgy,Development
465681,Peral,Stevo,Sales
465696,Thiran,Roselyn,Development
465698,Demos,Ranan,Sales
465702,Plump,Kayoko,Sales
465723,Siochi,Eben,Development
465725,Moffat,Youngkon,Development
465740,Jahnichen,Mohammed,Development
465757,Morris,Brewster,Development
465760,Cullers,Tristan,Sales
465783,Tchuente,Constantino,Sales
465793,Baek,Make,Development
465818,Rosiles,Eben,Development
465819,Hambrick,Ibibia,Development
465824,Dratva,Suzette,Development
465857,Peron,Nahla,Sales
465872,Litzler,Maria,Development
465880,Wolniewicz,Khoa,Development
465885,Randt,Gian,Development
465901,Facello,Magdalena,Development
465904,Schmezko,Lorien,Development
465906,Parveen,Moti,Development
465932,Stifter,Mori,Sales
465967,Liedekerke,Mani,Development
465977,Suermann,Kiyotoshi,Development
465980,Hmelo,Kazuhito,Development
466008,Jonsson,Luigi,Development
466034,Lovengreen,Saniya,Sales
466042,Yetto,Debaprosad,Development
466058,Murtha,Zhonghui,Sales
466070,Ranta,Xiaoqiu,Development
466076,Vitiello,Shahaf,Development
466095,Stemann,Candido,Development
466101,Kropp,Manibrata,Sales
466103,Homond,Phule,Development
466106,Cronau,Ranga,Development
466111,Rosti,Bikash,Development
466168,McFarlin,Khun,Development
466180,Lukaszewicz,Troy,Development
466186,Redmiles,Alenka,Sales
466207,Wursthorn,Feixiong,Development
466247,Furedi,Zongyan,Development
466251,Halevi,Ger,Development
466279,Goodrum,Adil,Sales
466297,Ramras,Jaques,Sales
466323,Prochazka,Luerbio,Sales
466342,Wissmann,Leandro,Development
466345,Sluis,Baoqiu,Sales
466416,Pargaonkar,Weiyi,Development
466431,Gladwell,Taegyun,Development
466433,Denna,Saeko,Sales
466468,Granlund,Irena,Sales
466487,Strooper,Makato,Sales
466490,Lenart,Masako,Development
466496,Raoux,Utz,Development
466511,Tagansky,Ramya,Development
466527,Eterovic,Shawna,Sales
466539,Chappelet,Van,Development
466605,Sury,Harngdar,Development
466615,Wixon,Mats,Development
466618,Kavanagh,Pascal,Sales
466622,Kalafatis,Oldrich,Development
466629,Marchegay,Hailing,Sales
466632,Burnard,Sumant,Sales
466701,Ashish,Frederique,Sales
466710,Chachaty,Becky,Development
466739,Birge,Navid,Development
466740,Feldhoffer,Oddvar,Sales
466742,Dalton,Shridhar,Sales
466749,Sridhar,Eckart,Development
466755,Gill,Zhongwei,Sales
466759,Ashish,Ferdinand,Development
466764,Tsukuda,Tadanori,Sales
466797,Thimonier,Raimond,Sales
466807,Wroclawski,Haldun,Sales
466863,Marshall,Evgueni,Development
466867,Klerer,Kwangjo,Development
466869,Magalhaes,Flemming,Sales
466875,Ramalingam,Kensyu,Development
466914,Fairtlough,Mingdong,Sales
466935,Kaiserswerth,Ymte,Development
466942,Schreiter,Eran,Development
466958,Snedden,Patricio,Development
466969,Skogmar,Sariel,Development
466983,Meszaros,Sachio,Development
466984,Rosar,Maya,Development
466996,Cronin,Etsuo,Development
467001,Samarati,Kousuke,Sales
467027,Gewali,Stevo,Sales
467036,Antonisse,Urs,Development
467050,Birta,Manohar,Development
467065,Ginneken,Jeanne,Development
467087,Anido,Chaosheng,Development
467116,Straney,Shirish,Sales
467129,Reinhard,Richara,Sales
467130,Passafiume,Cristinel,Sales
467160,Lyonns,Geraldo,Development
467204,Tyugu,Shiv,Sales
467205,Usdin,Naftaly,Development
467235,Zeilberger,Serge,Sales
467303,Schach,Chaosheng,Development
467309,Raczkowsky,Krassimir,Development
467333,Hanabata,Mark,Development
467345,Kobuchi,Florian,Sales
467346,Wissmann,Weijing,Development
467357,Lichtman,Suebskul,Development
467360,Garnier,Bodh,Development
467362,Codenie,Zhensheng,Development
467381,Perez,Satyanarayana,Development
467389,Guting,Peer,Development
467418,Ranai,Marl,Development
467428,Conde,Kayoko,Development
467430,Ossenbruggen,Angel,Development
467448,Collette,Halsur,Development
467452,Waeselynck,Sailaja,Development
467460,Michaeli,Parviz,Development
467472,Hooghiemstra,Idoia,Development
467497,Schach,Phillip,Development
467502,Danner,Sukumar,Development
467514,Mateescu,Khalid,Development
467520,Onuegbe,Xianlong,Sales
467524,Pearson,Youngkon,Sales
467528,Fandrianto,Suvo,Sales
467581,Dalphin,Dines,Development
467593,Reghbati,Mayuko,Sales
467607,Randt,Gio,Sales
467609,Masada,Jongsuk,Development
467618,Isard,Jasminko,Development
467626,Vasanthakumar,Kolar,Development
467665,Lamma,Gio,Sales
467680,Luon,Ravishankar,Sales
467705,Fendler,Jayesh,Sales
467706,Nastansky,Xianlong,Sales
467712,Iisaka,Maik,Development
467730,Eldridge,Miyeon,Development
467738,Zielinski,Kien,Sales
467771,Schaad,Breannda,Sales
467773,Guenter,Xuejia,Sales
467787,Ferriere,Xiaoqiang,Sales
467804,Merli,Billie,Sales
467820,Buescher,Jaewon,Development
467823,Ranft,Pohua,Development
467825,Benzmuller,Berto,Development
467876,Mondadori,Zeydy,Sales
467879,Maksimenko,Masanao,Development
467904,Eppinger,Gadiel,Development
467909,Birge,Marlo,Sales
467942,Sichman,Teunis,Development
467946,Baar,Randi,Sales
467953,Fiebach,Jayson,Development
467970,Kuzuoka,Utz,Sales
467971,DeMori,Xiaoqiu,Development
467973,Cannard,Gopalakrishnan,Development
468004,Koblick,Sanjoy,Sales
468006,Gewali,Sajjan,Sales
468021,Meszaros,Mandell,Development
468029,Hofting,Felicidad,Development
468030,Poujol,Anoosh,Development
468038,Oppitz,Saddek,Development
468043,Pappas,Mohamadou,Development
468049,Hooghiemstra,Falguni,Development
468055,Lovengreen,Huan,Development
468073,Zaumen,Tomofumi,Development
468094,Eiter,Jaewon,Development
468100,Lambe,Guoxiang,Sales
468122,Vieth,Sarita,Sales
468129,Hanratty,Tzvetan,Sales
468160,Fendler,Remko,Development
468173,Auyong,Martins,Sales
468175,Ranft,Girolamo,Sales
468200,VanScheik,Munehiko,Development
468230,Bolotov,Marc,Development
468237,Lieblein,Basil,Sales
468251,Kieras,Kish,Development
468268,Snyers,Chinya,Development
468280,Ernst,Prasadram,Development
468291,Avouris,Mohit,Sales
468296,Bardell,Shan,Sales
468306,Argence,Mircea,Development
468325,Papadias,Rosli,Development
468365,Crooks,Chinho,Development
468369,Iacovou,Trygve,Development
468371,Viele,Stamatina,Sales
468387,Pews,Kaijung,Sales
468393,Puppo,Kendra,Development
468406,Michaels,Alois,Development
468449,Improta,Soenke,Development
468476,Mitina,Prasadram,Development
468477,Conde,Yuguang,Development
468523,Braunschweig,Odoardo,Development
468524,Bellone,Geraldo,Sales
468527,Luan,Sibyl,Sales
468534,Staelin,Ipke,Development
468574,Leijenhorst,Dines,Development
468597,Polajnar,Masako,Development
468620,Majewski,Paraskevi,Sales
468624,Beznosov,Nalini,Sales
468629,Heydon,Arno,Sales
468632,Genin,Nobuyoshi,Sales
468686,Biron,Wuxu,Development
468802,Karnin,Bodh,Development
468840,Nitsch,Sarita,Sales
468884,Cusworth,Marin,Sales
468899,Pehl,Yunming,Development
468902,Aumann,Zhonghua,Sales
468920,Bahk,Randy,Development
468924,Wossner,Zita,Development
468942,Matzat,Jouni,Sales
468950,Mundy,Jovan,Development
468961,Piancastelli,Rafael,Development
468979,Straney,Tomoyuki,Development
469052,Zockler,Shih,Development
469078,Horswill,Moheb,Development
469091,Baek,Karlis,Sales
469108,Bashian,Constantino,Sales
469138,Shihab,Basim,Development
469153,Masaki,Gad,Sales
469191,Krohm,Garnet,Sales
469201,Nooteboom,Yechezkel,Sales
469204,Madeira,Kayoko,Sales
469232,Zambonelli,Prodip,Sales
469280,Baaz,Matk,Development
469290,Varker,Mostafa,Development
469293,Koyama,Phule,Sales
469304,Holburn,Ioana,Development
469307,Serna,Koldo,Development
469314,Krupka,Eberhardt,Development
469315,Taubenfeld,Rildo,Development
469357,Domenig,Taisook,Development
469362,Nishimukai,Martine,Development
469383,Malinowski,Uli,Development
469384,Nivat,Shahab,Sales
469386,Cangellaris,Cristinel,Sales
469408,Reeken,Shridhar,Development
469444,Kaiserswerth,Toshimori,Development
469466,Birnbaum,Barton,Development
469509,Kaiserswerth,Constantijn,Development
469546,Ginesta,Krassimir,Development
469575,Collavizza,Mircea,Sales
469580,Escriba,Weiye,Development
469594,Gonthier,Erez,Development
469599,Keirsey,Arunas,Development
469600,Conry,Mircea,Sales
469608,Merle,Boalin,Sales
469612,Glinert,Arnould,Development
469665,Bressoud,Manibrata,Development
469678,Clemencon,Dmitry,Sales
469699,Rothe,Xuejia,Sales
469726,Stasinski,Ranga,Development
469731,Bierman,Ramya,Sales
469758,Pell,Krisda,Development
469769,Pelz,Ewing,Sales
469794,Chartres,Adit,Development
469799,Bahl,Genki,Development
469806,Gelosh,Renny,Development
469807,Huxford,Bangqing,Development
469811,Braccini,Marco,Sales
469813,Cappelli,Martien,Development
469830,Cummings,Lillian,Development
469834,Parveen,Shahaf,Development
469839,Luga,Godehard,Development
469855,Cherinka,Arto,Development
469859,Prochazka,Sanjeeva,Development
469887,Highland,Gad,Development
469894,Pargas,Fumiyo,Development
469899,Streng,Make,Sales
469910,Baranowski,Huiqun,Development
469918,Zongker,Tsz,Development
469931,Ruther,Panayotis,Development
469938,Stroustrup,Martial,Sales
469951,Ebeling,Kien,Development
469958,Orlowska,Mikhail,Sales
469974,Cochrane,Djenana,Development
469987,Marrakchi,Gor,Development
470017,Swift,Nidapan,Sales
470033,Ciolek,Carrsten,Sales
470064,Haldar,Jiong,Development
470082,Kenevan,Goa,Development
470088,Brookner,Henk,Development
470102,Stamatiou,Tze,Sales
470150,Foong,Richard,Sales
470156,Yoshimura,Leaf,Development
470212,Fraisse,Mark,Development
470216,Gornas,Luise,Development
470234,Vanwelkenhuysen,Zhonghui,Development
470264,Undy,Premal,Sales
470276,Kalorkoti,Ishfaq,Development
470278,Busillo,Martial,Development
470297,Peha,Jaewon,Development
470309,Gerlach,Xuedong,Development
470318,Kolinko,Remmert,Sales
470319,Heping,Leen,Sales
470336,Farrel,Kwun,Development
470343,Kaelbling,Godehard,Development
470364,Munawer,Pranas,Development
470386,dAstous,Yongmin,Sales
470392,Lubachevsky,Guadalupe,Sales
470393,Botman,Khatoun,Sales
470401,Roohalamini,Inderjeet,Sales
470411,Worfolk,Eric,Development
470459,Ruther,Limsoon,Development
470478,Azadmanesh,Masaru,Sales
470494,Argence,Fabrizio,Sales
470497,Reinhard,Unal,Sales
470507,McAlpine,Kwun,Sales
470533,Comellas,Sakthirel,Sales
470550,Perng,Uno,Development
470567,Jumpertz,Pantung,Development
470574,Schaar,Chrisa,Sales
470590,Birsak,Changho,Development
470610,Berztiss,Jacqueline,Development
470630,Jarecki,Huican,Sales
470639,Thebaut,Xiaoqiang,Sales
470651,Stellhorn,Aleksandar,Development
470657,Wissmann,Richara,Development
470666,Pusterhofer,Niteen,Development
470673,Neiman,Yongqiao,Development
470687,Gargeya,Arunas,Development
470689,Koprowski,Tomofumi,Sales
470716,Nitsche,Munehiko,Development
470734,Heyers,Zhonghua,Development
470767,Poehlman,Sachin,Development
470774,Falster,Tsz,Development
470782,Henders,Fen,Sales
470808,Dulay,Werner,Development
470845,Ozery,Denis,Development
470861,Schaad,Gian,Development
470867,Uludag,Marlo,Development
470872,Clouatre,Feipei,Development
470905,Goodrum,Tesuro,Sales
470933,Walstra,Lakshmi,Development
470962,Langford,Shaz,Sales
470973,Zastre,Juyoung,Development
470976,Dredge,Snehasis,Sales
470979,dAstous,Nahum,Development
471001,Schade,Parke,Development
471017,Erie,Miomir,Development
471050,Sluis,Mingdong,Development
471063,Hasham,Rildo,Sales
471079,Swiss,Kasturi,Sales
471139,Collavizza,Kiyotoshi,Development
471160,Unni,Shounak,Development
471173,Kaiser,Bedrich,Development
471198,Peck,Bouchung,Development
471203,Serot,Jianhao,Development
471255,Luck,Mohua,Development
471293,Ranon,Christoper,Development
471295,Cronau,Pragnesh,Sales
471304,Barvinok,Shrikanth,Development
471322,Poupard,Aloys,Development
471327,Paciorek,Ziva,Development
471375,Beeson,Youssef,Sales
471383,Aamodt,Mohammed,Development
471385,Ratzlaff,Nirmal,Development
471391,Ghandeharizadeh,Janche,Development
471396,Itschner,Monique,Sales
471400,Panangaden,Jixiang,Sales
471422,Atchley,Teunis,Sales
471425,Asmuth,Shen,Development
471433,Khamsi,Takanari,Development
471437,Impagliazzo,Christoper,Development
471444,Welham,Xinan,Sales
471445,Zaccaria,Duangkaew,Development
471467,Gien,Nimmagadda,Development
471472,Halloran,Youjian,Development
471482,Speel,Sivanarayana,Development
471483,Ozeki,Janalee,Sales
471494,Kornyak,Khatoun,Development
471505,Debuse,Amalendu,Sales
471521,Vesna,Martien,Development
471529,Aloia,Munir,Sales
471540,Baca,Odoardo,Development
471545,Guting,Kwangyoen,Development
471546,Picht,Cedric,Sales
471549,Ramsak,Alejandro,Development
471584,Ranon,Volkmar,Development
471606,Kropp,Masadi,Development
471631,Ibel,Mingsen,Sales
471633,Jervis,Kyoichi,Sales
471637,Butner,Jaihie,Development
471646,Unni,Leandro,Development
471664,Bharadwaj,Breannda,Development
471678,Koshiba,Babette,Development
471679,Bazelow,Suzette,Sales
471707,Serra,Ramachenga,Development
471715,Schusler,Pasqua,Sales
471716,Billingsley,Yuichiro,Development
471745,Munos,Bilhanan,Development
471753,Pero,Arlette,Development
471764,Schaaf,Gao,Development
471766,Miake,Tadanori,Development
471782,Strehl,Alexius,Development
471796,Shanbhogue,Khun,Sales
471814,Keustermans,Saeed,Development
471847,Maccarone,Katsuo,Sales
471857,Srimani,Sadegh,Development
471882,Velasco,Chiradeep,Development
471887,Renear,Volkmar,Development
471904,Brender,Youssef,Sales
471929,Bale,Kristen,Development
471948,Perng,Debaprosad,Sales
471964,Leaver,Janche,Sales
471989,Kadhim,Tomokazu,Development
472013,Douceur,Phule,Sales
472021,Wielonsky,Marsha,Sales
472026,Savasere,Ronghao,Development
472057,Leivant,Lijie,Development
472066,Schurmann,Hugo,Development
472096,Ernst,Lubomir,Development
472102,Redmiles,Gil,Sales
472116,Azevdeo,Jaroslava,Development
472136,dAstous,Tadanori,Development
472149,Luck,Sverrir,Development
472159,Ashish,Vasilii,Development
472186,Janetzko,Dung,Sales
472192,Wrigley,Padma,Development
472209,Thambidurai,Kasturi,Development
472221,Naumovich,Takahiro,Development
472255,Krohn,Marlo,Sales
472268,Lemarechal,Satoru,Sales
472295,Molberg,Sastry,Sales
472340,Jonsson,Gaurav,Development
472349,Ouhyoung,Zeljko,Sales
472381,Maraist,Yucel,Development
472392,Masada,Uzi,Sales
472399,Falck,Heping,Development
472411,Veldwijk,Tianruo,Development
472412,Eiter,Zine,Development
472445,Heuter,Val,Development
472459,Peternell,Emdad,Development
472496,Marakhovsky,Satosi,Development
472504,Riefers,Nobuyoshi,Sales
472513,Birta,Sanjoy,Sales
472590,Zyda,Yuuichi,Development
472596,Hofstetter,Changho,Sales
472597,Garrabrants,Vugranam,Development
472612,Lanteri,Anyuan,Sales
472646,Hebden,Yuping,Development
472650,Ratnakar,Theirry,Sales
472678,Gruenwald,Mitsuyuki,Sales
472681,Kilgore,Richara,Development
472692,Danecki,IEEE,Sales
472701,Isaac,Jiann,Development
472705,Gimarc,Chaoyi,Development
472706,Morrin,Kerryn,Sales
472709,Majewski,Anestis,Sales
472723,Kowalchuk,Arvind,Sales
472743,Zweizig,Lunjin,Development
472764,Emden,Boalin,Development
472853,Limongiello,Gila,Sales
472887,Kaltofen,Gino,Sales
472900,Copas,Shahaf,Development
472907,Chepyzhov,Sanjit,Development
472914,Lorho,Weidon,Sales
472925,Prampolini,Fusako,Sales
472939,Dalton,Naraig,Sales
472959,Leslie,Mingdong,Sales
472964,Beznosov,Shigeo,Development
472981,Lally,Nikolaos,Development
473038,Furudate,Radhika,Development
473049,Lyonns,Arie,Development
473076,Chelton,Shaowei,Development
473097,Linnainmaa,Shooichi,Sales
473100,Speer,Falguni,Development
473113,Angelov,Toshimitsu,Sales
473116,Bultermann,Sadun,Sales
473128,Dredge,Weijing,Development
473140,Rosti,Jiakeng,Development
473166,Erde,Masamitsu,Sales
473184,Slutz,Patricio,Development
473202,Benzmuller,Sadun,Development
473224,Crabtree,Arup,Development
473232,Baez,Jagoda,Sales
473241,Cannane,Harjit,Development
473287,Bednarek,Odysseas,Development
473317,Ranai,Supot,Development
473329,Chaudhury,Rajmohan,Development
473350,Hammerschmidt,Maia,Development
473357,Auyong,Weidon,Development
473411,Leaver,Piyush,Sales
473445,Janetzko,Koldo,Sales
473454,Masaki,Yonghoan,Sales
473475,Moffat,Dinkar,Development
473477,Lindqvist,Giap,Development
473483,Gulla,Genta,Sales
473502,Fontet,Satyanarayana,Sales
473514,Kawashimo,Valeri,Development
473521,Katalagarianos,Malu,Sales
473551,Vesel,Miomir,Development
473560,Ouhyoung,Subir,Development
473585,Ushiama,Doowon,Development
473599,Rissanen,Gennady,Sales
473605,Monarch,Nectarios,Development
473619,Doering,Goo,Development
473645,Lichtner,Richard,Development
473690,Junot,Zhanqiu,Development
473701,Angel,Richard,Development
473703,Baar,Steve,Sales
473715,Bultermann,Kwangho,Sales
473718,Luff,Noritoshi,Development
473776,Demir,Aemilian,Sales
473783,Marchegay,Steve,Sales
473795,Maccarone,Navin,Development
473800,Lakshmanan,Herb,Sales
473801,Manderick,Rosine,Development
473804,Baba,Gopalakrishnan,Development
473812,Levergood,Khue,Sales
473834,Zobel,Kish,Sales
473848,Butner,Magdalena,Development
473897,Rattan,Seongbae,Development
473903,Sichman,Stella,Sales
473911,Coorg,Kwangyoen,Development
473916,Uludag,Leaf,Sales
473919,Scallan,Achilleas,Development
473923,Hemaspaandra,Remzi,Development
473944,Rahier,Kazuhiko,Development
473947,Alencar,Van,Development
473953,Heystek,Janche,Sales
473954,Bugrara,Kristin,Sales
473964,Hempstead,Sanjeeva,Sales
474057,Fasbender,Mototsugu,Development
474064,Rathonyi,Jeanne,Development
474073,Vigier,Nishit,Sales
474076,Pusterhofer,Masoud,Development
474086,Peroz,Florian,Development
474115,Rosaz,Hatsukazu,Development
474131,Riexinger,Shridhar,Development
474146,Emiris,Nathan,Sales
474158,Heijenga,Jongsuk,Development
474194,Iisaka,Ult,Development
474200,Sabnani,Masako,Sales
474220,Munawer,Vishwani,Development
474260,Pellegrinelli,Willard,Development
474280,Perry,Angel,Development
474290,Zhiwei,Fei,Sales
474293,Kroft,Udaiprakash,Development
474353,Zizka,Kannan,Sales
474366,Asrin,Bezalel,Development
474376,Bage,Jovan,Development
474386,Ohori,Collette,Development
474391,Terlouw,Sariel,Development
474394,Fritzsche,Jiakeng,Development
474400,Ushiama,Herb,Sales
474439,Bauknecht,Genta,Development
474453,Poujol,Zhenbing,Sales
474474,Lammel,Kazuhira,Sales
474480,Bisiani,Shuji,Development
474490,Koshiba,Stafford,Development
474516,Hambrick,Barton,Sales
474519,Kawashima,Paloma,Sales
474528,Georg,Billie,Development
474535,Tasistro,Elzbieta,Development
474556,Hartvigsen,Duri,Sales
474569,Nyanchama,Paraskevi,Sales
474577,Plump,Manohar,Sales
474586,Wrigley,Masamitsu,Sales
474619,Lieberherr,Douadi,Development
474636,Farrel,Cristinel,Development
474640,Bisiani,Giao,Development
474641,Nastansky,Xinan,Development
474684,Klyachko,Chinhyun,Sales
474721,Reistad,Miquel,Sales
474728,Fandrianto,Kousuke,Sales
474729,Morrin,Wuxu,Development
474750,Dengi,Munir,Development
474755,Varker,Christ,Development
474793,Srimani,Arunachalam,Sales
474797,Talmor,Nitsan,Development
474798,Gide,Chiranjit,Sales
474818,Ghemri,Narain,Development
474851,Gerlach,Tomoyuki,Development
474862,Chinin,Youpyo,Sales
474912,Lemarechal,Nirmal,Sales
474921,Baak,Aimee,Sales
474943,Pileggi,Kazuhiko,Sales
474948,Stentiford,Gil,Sales
474981,Danner,Baoqiu,Development
475003,Miara,Branimir,Sales
475009,Takkinen,Aral,Development
475016,Douceur,Takahira,Development
475039,Ertl,Kotesh,Development
475051,Vitiello,Ulises,Development
475054,Buescher,Dipankar,Development
475077,Ouhyoung,Claude,Sales
475089,Haraldson,Sasan,Development
475091,Bridgland,Giap,Development
475108,Hoppenstand,Basim,Sales
475125,Dredge,Martial,Development
475148,Pero,Srinidhi,Development
475181,Terwilliger,Ebbe,Sales
475205,Rusterholz,Maris,Development
475218,Muhling,Basant,Development
475221,Rassart,Yuqun,Development
475240,Babu,Yurij,Development
475265,Simkin,Fan,Development
475266,Engelmann,Rance,Development
475269,Cullers,Rance,Development
475299,Cincotta,Luigi,Sales
475327,Sommer,Arve,Development
475334,Hiltgen,Dietrich,Sales
475338,Desikan,Oscal,Sales
475342,Gelosh,Arif,Sales
475377,Dayana,Xinyu,Development
475384,Domenig,Kiyokazu,Sales
475394,Ramaiah,Gully,Development
475396,Fiutem,Xiahua,Sales
475426,Eugenio,Vidya,Development
475441,Lorcy,Bernardo,Development
475448,Lorys,Ingemar,Sales
475451,Rousseau,Kinh,Development
475463,Kawashima,Kendra,Development
475468,Improta,Shigeu,Development
475472,Backhouse,Rosalie,Development
475477,Dratva,Guozhong,Development
475489,Yurek,Fusako,Development
475490,Cyre,Piyush,Development
475508,Miculan,Heng,Sales
475576,Merey,Herb,Development
475581,Veccia,Perla,Development
475586,Servi,Nakhoon,Sales
475599,Versino,Mototsugu,Development
475613,Steinauer,Irene,Sales
475632,Angiulli,Mohamadou,Development
475634,Alameldin,Alagu,Development
475639,Ranka,Maha,Sales
475641,Azevdeo,Girolamo,Sales
475651,Gubsky,Poorav,Development
475654,Tibblin,Fumiyo,Development
475657,Constantine,Shahid,Development
475663,Borstler,Mamdouh,Development
475666,Veevers,Kazuhiko,Sales
475670,Billawala,Hitomi,Development
475676,Vakili,Bowen,Development
475681,Kinley,Dinkar,Development
475686,Reeken,Elrique,Sales
475692,Crabtree,Inderjeet,Development
475707,Kaltofen,Randy,Development
475709,Restivo,Godehard,Development
475719,Kaiserswerth,Gererd,Development
475724,Figueira,Susanta,Development
475746,Tsunoo,Tze,Development
475756,Ballarin,Susumu,Development
475757,Mayerwieser,Tommaso,Sales
475760,Hockney,Billur,Development
475767,Jansch,Renee,Development
475769,Ritzmann,Kazuhisa,Sales
475774,Coombs,Vincent,Development
475779,Armand,Marek,Development
475787,Ramsak,Zhiwei,Sales
475809,Stifter,Parke,Development
475814,Rodier,Yannik,Development
475816,Siksek,Tonny,Sales
475817,Stassinopoulos,Djelloul,Development
475847,Georgakopoulos,Felicidad,Sales
475856,Champarnaud,Halsur,Development
475860,Broomell,Brigham,Sales
475866,Lunt,Akemi,Sales
475868,Molenkamp,Taiji,Development
475880,Tetzlaff,Szabolcs,Sales
475920,Matzke,Bogdan,Sales
475927,Stassinopoulos,Geoff,Sales
475946,Marsiglia,Ulf,Development
475959,Knightly,Wuxu,Sales
475962,Steenbeek,Rasiah,Sales
475972,Zambonelli,Huican,Sales
476016,Minakawa,Jasminko,Development
476023,Shihab,Perry,Sales
476083,Garigliano,Chiradeep,Development
476099,Massonet,Zhenbing,Sales
476100,Landherr,Munir,Development
476106,Mitsuhashi,Guiseppe,Sales
476166,Quittner,Subhada,Sales
476167,Dulli,Genta,Sales
476180,Lueh,Basant,Development
476184,Hofman,Shahid,Sales
476190,Porenta,Nathan,Development
476222,Mellouli,Kristian,Sales
476244,Krone,Shem,Development
476282,Mullainathan,Ohad,Development
476314,Gente,Jinxi,Development
476345,Gubsky,Mang,Development
476426,Molberg,Dipayan,Development
476439,Weedon,Yannis,Development
476448,Wielonsky,Lene,Development
476449,Tyugu,Tamiya,Development
476456,Rodiger,Remko,Sales
476492,Dichev,Gully,Sales
476495,Honiden,Lijia,Development
476509,Kornyak,Mizuhito,Sales
476510,Gimarc,Alagu,Sales
476516,Vasanthakumar,Almudena,Development
476533,Penn,Xumin,Development
476564,Brookner,Zhilian,Sales
476583,Erdi,Pantung,Development
476584,Noriega,Gonzalo,Sales
476587,Huhdanpaa,Sukumar,Development
476652,Lichtner,Baziley,Development
476671,Winter,KayLiang,Sales
476724,Kamble,Kagan,Sales
476774,Plumb,Claudi,Development
476783,Leaver,Gino,Development
476795,Beznosov,Iara,Development
476803,Denos,Carrsten,Development
476819,Pehl,Jianhao,Development
476822,Merli,Yongqiao,Sales
476894,Grospietsch,Serap,Development
476898,Bratten,Ronghao,Development
476919,Fairtlough,Maren,Development
476935,Magliocco,Emdad,Development
476954,Talmon,Djelloul,Development
476963,Haumacher,Christ,Development
476983,Molberg,Ziyad,Development
476997,Gente,Bowen,Sales
477013,Peng,Kristina,Development
477017,Matteis,Achilleas,Development
477054,Emiris,Arup,Development
477065,Brickell,Ult,Development
477081,Cannata,Aria,Sales
477096,Puppe,Aleksander,Development
477118,Hutton,Hatim,Development
477140,Murrill,Christfried,Sales
477142,Stenning,Mrinalini,Sales
477145,Gilg,Georgy,Development
477160,Streit,Florian,Development
477183,Menhoudj,Dzung,Development
477194,Furedi,Xianlong,Development
477197,Spataro,Stevo,Sales
477199,Paciorek,Xinan,Development
477239,Cronan,Takahira,Development
477246,Zeilberger,Mara,Sales
477251,Ambroszkiewicz,Jayson,Sales
477255,Juneja,Serenella,Sales
477298,Denny,Zengping,Sales
477302,Budinsky,Chenxi,Sales
477303,Zambonelli,Kousuke,Development
477308,Brandsma,Alejandra,Sales
477312,Ramalingam,Fay,Sales
477313,Schneeberger,Waiman,Development
477348,Fioravanti,Clyde,Sales
477381,Serdy,Yuping,Development
477389,Claffy,Abdulah,Sales
477444,Erez,Babette,Development
477480,Bahl,Lein,Sales
477485,Schnelling,Kwangjo,Development
477488,Salinas,Dekang,Development
477498,Majewski,Koldo,Development
477510,Demizu,Atreyi,Sales
477523,Kavvadias,Patricio,Development
477526,Waeselynck,Tonia,Development
477545,Preusig,Shaunak,Sales
477566,Gelosh,Anwar,Sales
477574,Tyugu,Lech,Development
477580,Guerreiro,Nikolaos,Sales
477587,Schonegge,Chrisa,Development
477616,Ghemri,LiMin,Development
477637,Pelz,Elgin,Development
477652,Koshino,Atreye,Development
477655,Oxenboll,Serap,Sales
477658,Bruckman,Giao,Development
477673,Woycyznski,Mizuhito,Sales
477679,Bach,Chenye,Sales
477684,Rabehasaina,Taegyun,Development
477708,Duclos,Sashi,Development
477718,Zhang,Radhia,Development
477738,Lamma,Nevin,Sales
477754,Taubman,Parviz,Sales
477756,Iivonen,Pragnesh,Development
477778,Fadgyas,Abdulah,Sales
477783,Gajiwala,Bikash,Development
477811,Whitcomb,Shai,Sales
477842,Journel,Kwangho,Development
477860,Servi,Selwyn,Development
477874,Pero,Navin,Development
477880,Furudate,Arvind,Development
477906,Varley,Mahendra,Sales
477922,Wissmann,Moriyoshi,Development
477923,Conde,Augustine,Sales
477930,Stiles,Isamu,Development
477937,Koblitz,Jessie,Development
477971,Birge,Tommaso,Development
477985,Mattern,Beshir,Development
478012,Leivant,Mostafa,Sales
478033,Luiz,Tonny,Development
478037,Halevi,Adib,Development
478052,Matzel,Kristinn,Development
478075,Stavenow,Alexius,Sales
478088,Vanwelkenhuysen,Ung,Sales
478089,Gajiwala,Pradeep,Development
478116,Piveteau,Debatosh,Development
478204,Narlikar,Arne,Development
478232,Beznosov,Teruyuki,Development
478234,Bach,Mayuri,Development
478239,Lieberherr,TRUE,Development
478250,Rissland,Ranan,Sales
478273,Prochazka,Dulce,Sales
478279,Beeson,Mack,Development
478284,Kropatsch,Zeydy,Development
478292,Fasbender,Boguslaw,Development
478303,Zyda,Candido,Development
478320,Rosaz,Doowon,Development
478344,Rassart,Shahid,Sales
478357,Reeker,Elrique,Development
478379,Srimani,Kwun,Development
478430,Samarati,Weicheng,Development
478436,Monkewich,Franziska,Development
478458,Koblitz,Kwangho,Development
478496,Swick,Goncalo,Development
478509,Gerlach,Luise,Sales
478547,Ghalwash,Thodoros,Development
478552,Welham,Teruyuki,Development
478566,Luby,Zhongwei,Sales
478572,Cusworth,Chaitali,Development
478581,Peek,Susuma,Development
478608,Hemaspaandra,Aemilian,Development
478647,Hinsberger,Tomokazu,Development
478678,Sethi,Mario,Sales
478687,Ramras,Heeju,Development
478737,Munos,Nadjib,Sales
478742,Hainaut,Renee,Sales
478758,Ranft,Zhanqiu,Development
478782,Jiafu,Xiaoqiang,Development
478786,Stavenow,Guadalupe,Development
478812,Irland,Xudong,Development
478842,Herath,Pradeep,Development
478861,Khasidashvili,Basem,Sales
478866,Haumacher,Elrique,Development
478985,Gubsky,Katsuo,Sales
479012,Docker,Kazunori,Sales
479017,Sherertz,Hitofumi,Development
479021,Iwayama,Isamu,Development
479035,Chaudhury,Samphel,Development
479038,Morton,Mitchel,Development
479050,Ishibashi,Pintsang,Sales
479065,Farrow,Hideo,Development
479070,Ozeri,Valery,Sales
479097,Schaar,Clyde,Development
479119,Willoner,Limsoon,Development
479120,Joslin,Leucio,Development
479123,Berstel,Narain,Development
479153,Schmittgen,Uma,Development
479157,Larfeldt,Jacopo,Sales
479165,Pauthner,Chirstian,Sales
479167,Backhouse,Mayuri,Sales
479290,Fujisaki,Lobel,Development
479293,Bage,Chandrasekaran,Sales
479304,Wissmann,Pradeep,Development
479333,Rosiles,Lene,Sales
479345,Boudaillier,Sorina,Development
479357,Perez,Noritoshi,Development
479396,Blokdijk,Mohammad,Development
479397,Huhdanpaa,Toshimitsu,Development
479398,Petersohn,Danae,Development
479402,Perfilyeva,Martina,Sales
479415,Merle,Vatsa,Sales
479463,Isard,Aamod,Development
479467,Sommer,Gully,Sales
479474,Lieblein,Saeko,Development
479516,Niizuma,Fusako,Development
479528,Rodham,Saddek,Development
479543,Aumann,Dmitri,Sales
479559,Monkewich,Yuchang,Sales
479562,Barreiro,Temple,Development
479565,Pulkowski,Jovan,Development
479566,Manderick,Paraskevi,Sales
479582,Grospietsch,Rafols,Sales
479586,Jenevein,Gunilla,Development
479598,Dayang,Uriel,Development
479603,Badache,Surveyors,Sales
479615,Sadowsky,Utpal,Development
479620,Skrikant,Heping,Development
479634,Pelc,Ravishankar,Development
479637,Marsiglia,Genta,Sales
479651,Roohalamini,Lena,Development
479672,Schlumberger,Lubomir,Development
479688,Hanratty,Lijie,Development
479708,Dayana,Hilary,Sales
479717,Tzvieli,Moheb,Development
479720,Figueira,Sivanarayana,Development
479749,Giaccio,Wilmer,Development
479764,Bashian,Kazuhisa,Development
479824,Auyong,Manibrata,Development
479850,Codenie,Sorina,Development
479866,Pellegrinelli,Heng,Development
479867,Anandan,Akemi,Sales
479885,Schade,Sariel,Sales
479894,Gonthier,Ipke,Sales
479896,Minakawa,Tsuneo,Development
479905,Peir,Danai,Development
479906,Silva,Duri,Development
479927,Schaap,Isaac,Development
479958,Schmezko,Uta,Sales
479975,Pews,Kazuhiro,Development
480044,Jording,Sudhanshu,Sales
480051,Erol,Kwan,Development
480052,Weisert,Chinho,Development
480090,Krone,Gad,Sales
480091,Shimshoni,Morris,Development
480096,Percebois,Abdelaziz,Development
480102,Geffroy,Przemyslawa,Development
480114,Suri,Shakhar,Sales
480121,Benveniste,Martina,Development
480135,Narahari,Danny,Development
480159,Buescher,Kazuhiko,Sales
480175,Schmiedel,Elrique,Development
480190,Brandsma,Kasturi,Development
480192,Onuegbe,Dhritiman,Sales
480199,Msuda,Fumiyo,Sales
480259,Antonakopoulos,Giap,Development
480271,Sooriamurthi,Zita,Development
480290,Honglei,Yannik,Development
480296,Birnbaum,Moriyoshi,Development
480316,Feinberg,Pranay,Development
480322,Showalter,Fumiko,Development
480344,Neimat,Hatem,Development
480350,Kalloufi,Zijian,Sales
480376,Kieras,Akhilish,Sales
480445,Comellas,Youjian,Development
480495,Zongker,Iara,Development
480500,Lorcy,Uwe,Development
480536,Gyorkos,Lansing,Sales
480587,Trystram,Tonia,Sales
480594,Bierman,Jovan,Development
480618,Brodie,Rance,Development
480631,Kavvadias,Gao,Development
480660,Sambasivam,Kazunori,Sales
480670,Penz,Sanjoy,Sales
480674,Giveon,Kannan,Development
480683,Wixon,Jayesh,Sales
480699,Garnick,Jiafu,Development
480711,Assaf,Srinidhi,Sales
480730,Bonifati,Masami,Sales
480742,Wynblatt,Christoper,Development
480748,Isard,Zhongwei,Sales
480788,Vesna,Idoia,Development
480789,Mahmud,Masami,Sales
480823,Baig,Ulf,Development
480825,Rosaz,Georgy,Sales
480839,Brandsma,Sumant,Development
480845,Beidas,Adamantios,Sales
480849,Perz,Leon,Sales
480862,Kropp,Maris,Sales
480920,Plumb,Flemming,Sales
480966,Mahnke,Duri,Development
480973,Gien,Emdad,Development
481000,Zirintsis,Hidefumi,Sales
481040,Serdy,Shahaf,Sales
481079,Fiutem,Sibyl,Sales
481086,Radivojevic,Marek,Sales
481096,Sadowsky,Yongmao,Development
481109,Rosaz,Renee,Development
481152,Schiper,Zeydy,Development
481170,Gustavson,Ugo,Sales
481179,Rosay,Remmert,Development
481182,Penttonen,Domenick,Sales
481222,Wrigley,Zhiwei,Development
481231,Conry,Mahendra,Sales
481250,Cullers,Evgueni,Sales
481288,Chaudhuri,Suzette,Development
481296,Begiun,Dmitri,Sales
481307,Pappas,Hatsukazu,Sales
481312,Schapiro,Yefim,Development
481315,Petereit,Yuichiro,Sales
481322,Hettesheimer,Salvador,Sales
481338,Morrow,Kirk,Development
481341,Ranka,Hidde,Sales
481343,Seiwald,Shaunak,Sales
481350,Crabtree,Ioana,Development
481364,Klassen,Kazunori,Sales
481365,Socorro,Shaleah,Development
481372,Lupu,Alair,Sales
481415,Kaltofen,Mokhtar,Sales
481439,Marakhovsky,Kiam,Development
481475,Danley,Jessie,Sales
481476,Silva,Yahiko,Development
481502,Fordan,Bikash,Development
481527,Mahmud,Marco,Development
481537,Munch,Yucai,Sales
481547,Rajcani,Marin,Development
481551,Bednarek,Akemi,Development
481570,Standera,Arnould,Development
481591,Melski,Masamitsu,Development
481599,Kawashima,Hausi,Sales
481645,Solares,Pantung,Development
481670,Bodoff,Suvo,Development
481712,Jeong,Vitaly,Development
481750,Lieberherr,Zvonko,Sales
481752,Copas,Adhemar,Sales
481775,Hartvigsen,Gao,Development
481777,Gruenwald,Shooichi,Development
481815,Jenevein,Khedija,Development
481847,Saoudi,Kiyotoshi,Sales
481857,Ecklund,Ulises,Sales
481892,Baezner,Chaitali,Development
481961,Zumaque,Arne,Sales
481975,Gruenwald,Dayanand,Sales
481981,Spieker,Claudi,Development
481985,Vakili,Constantine,Sales
481987,Smailagic,Saeed,Development
481992,Bednarek,Kwan,Development
481995,Snyers,Kwok,Development
482007,Schrooten,Satyanarayana,Sales
482020,Azumi,Manu,Development
482024,Hofting,Byong,Development
482035,Beausoleil,Conal,Development
482093,Vieri,Ramzi,Development
482095,Dymetman,Tomofumi,Development
482119,Emden,Mitsuyuki,Sales
482123,Mungall,Nobuyoshi,Sales
482127,Pena,Georgy,Development
482136,Tibblin,Jayson,Sales
482150,Gluchowski,Przemyslawa,Sales
482188,Panwar,Akemi,Development
482194,Tasistro,Fan,Development
482214,Michaeli,Dung,Development
482237,Ranka,Xiaopeng,Development
482282,Taneja,Ewing,Development
482297,Lorho,Khedija,Development
482308,Georg,Shietung,Development
482311,Iisaku,Shen,Development
482345,Coney,Lorien,Development
482355,Kulisch,Golgen,Development
482356,Decaestecker,Bikash,Sales
482376,Kusakabe,Niranjan,Development
482379,Gulla,Shalesh,Development
482384,Rothenberg,Malu,Development
482386,McFarlin,Subir,Development
482404,Verhaegen,Ger,Development
482413,Melski,Zhigen,Sales
482414,Czap,Hatim,Sales
482427,Andreotta,Hatsukazu,Development
482429,Guardalben,Wonhee,Development
482459,Herath,Yoshimitsu,Sales
482469,Rahier,Dayanand,Development
482493,VanScheik,Lalit,Sales
482497,Nivat,Tesuro,Development
482514,Constantine,Geoff,Sales
482523,Plessier,Adam,Development
482541,Masaki,Teruyuki,Sales
482551,Gluchowski,Sashi,Development
482555,Mansanne,Hyuncheol,Sales
482563,Ratzlaff,Kayoko,Development
482583,Wielonsky,Danil,Sales
482623,Honiden,Sampalli,Development
482625,Michaeli,Siamak,Sales
482640,Chandrasekhar,Shmuel,Sales
482648,Velardi,Kinh,Development
482654,Iisaka,Lokesh,Development
482659,Passino,Zhenbing,Sales
482672,Molenaar,Ymte,Development
482679,Decleir,Krister,Sales
482701,Diderrich,Vitaly,Development
482730,Detkin,Gio,Development
482738,Peral,Munehiko,Development
482747,Lichtner,Sumali,Development
482776,Beilner,Kristin,Sales
482813,Veccia,Dipayan,Sales
482816,Naumovich,Freyja,Development
482819,Merkl,Mostafa,Development
482820,Barriga,Weiye,Sales
482828,Kavvadias,Quingbo,Development
482829,Melski,Arup,Sales
482846,Quittner,Samphel,Development
482856,Salvesen,Sashi,Development
482862,Anido,Shaw,Development
482863,Spieker,Xiaobin,Sales
482878,Denti,Chikara,Sales
482883,Cheshire,Sanjai,Development
482886,Pavlopoulou,Gritta,Development
482894,Takanami,Greger,Sales
482935,Besancenot,Xiaoheng,Development
482980,Domenig,Ulf,Development
482983,Bhattacharjee,Hyuckchul,Development
482994,Garrabrants,Miyeon,Development
483019,Rosti,Kamran,Development
483065,Bahi,Sudhanshu,Development
483074,Heijenga,Shigeo,Sales
483082,Pileggi,Zito,Sales
483083,Gente,Oldrich,Sales
483104,Daescu,Dante,Development
483136,Perko,Marjo,Sales
483140,Sridhar,Sigeru,Development
483144,Morton,Janalee,Sales
483158,Weisert,Sumant,Sales
483162,Herath,Mandell,Development
483183,Ciolek,Oscar,Development
483208,Garnick,Aran,Sales
483240,Ruemmler,Urs,Sales
483253,Schwartzbauer,Tse,Development
483262,Billawala,Vivian,Sales
483277,Stroustrup,Bikash,Development
483285,Baezner,Zhenhua,Development
483300,Matzen,Giordano,Development
483312,Sommer,Renee,Development
483319,Koprowski,Hirochika,Development
483323,Parfitt,Jayesh,Development
483342,Baik,Jiakeng,Development
483347,Guenter,Maik,Development
483348,Covnot,Christoph,Development
483350,Wiegley,Ramya,Sales
483353,Litvinov,Mizuhito,Sales
483354,Speel,Ekawit,Sales
483384,Varman,Arne,Sales
483402,Grandbois,Seongbin,Development
483429,Vural,Marco,Development
483438,Hofstetter,Otmar,Sales
483448,Peternell,Fun,Development
483459,Winter,Giri,Development
483466,Fujisaki,Leszek,Development
483472,Pesch,Gita,Sales
483496,Hiraishi,Kiyomitsu,Development
483499,Vieri,Murthy,Development
483509,Seiwald,Poorav,Development
483519,Papsdorf,Duangkaew,Development
483538,Merlo,Jackson,Sales
483539,Hiroyama,Gurbir,Development
483572,Stroustrup,Bedrich,Sales
483582,Callaway,Kazuhito,Development
483586,Pardalos,Nahla,Development
483604,Wendorf,Subhash,Sales
483605,Collette,Theron,Development
483635,Backhouse,Marsja,Development
483650,Peac,Augustine,Development
483651,Slobodova,Sanjoy,Development
483656,Serot,Mana,Sales
483660,Kaiserswerth,Chinho,Development
483667,Baik,Adhemar,Development
483677,Impagliazzo,Mario,Development
483690,Erbe,Shem,Development
483770,Szemeredi,Zeydy,Sales
483792,Unno,Irena,Sales
483821,Fujisaki,Arunachalam,Sales
483839,Maksimenko,Jaewon,Development
483840,Morrey,Manohar,Development
483842,DiGiano,Marjo,Development
483846,Merks,Chikara,Sales
483849,Flowers,Yakichi,Development
483876,Crouzet,Tomofumi,Sales
483904,Berztiss,Xiaoqiang,Sales
483951,Parhami,Teunis,Sales
483981,Halevi,Shuky,Development
483983,Ravishankar,Shigeu,Sales
483986,Radhakrishnan,Siamak,Development
484000,Reeker,Bezalel,Development
484010,Narahara,Udaiprakash,Sales
484020,Oppitz,Ayakannu,Development
484029,Ramsak,Shaz,Development
484047,Leivant,Danel,Sales
484066,Zaccaria,Arif,Development
484087,Tagansky,Herb,Sales
484105,Portugali,Hercules,Sales
484111,Zyda,Uta,Development
484183,Cronin,Udi,Sales
484206,Berstel,Mana,Development
484208,Ebeling,Lidong,Sales
484209,Soloway,Sanjai,Development
484211,Henseler,Takanari,Sales
484222,Brodal,Suebskul,Development
484238,Marzano,Moty,Development
484260,Sullins,Subhada,Development
484286,DasSarma,Prasadram,Development
484305,Mawatari,Tuval,Sales
484319,Siprelle,Younwoo,Development
484325,Callaway,Yuping,Development
484342,Delgrange,Guangming,Sales
484349,Swiss,Bluma,Development
484352,Nannarelli,Munehiro,Sales
484368,Litvinov,Yechiam,Development
484393,Lanteri,Ottavia,Development
484396,Lortz,Janalee,Sales
484398,Borstler,Qiwen,Development
484403,Minakawa,Arnould,Development
484424,Pashtan,Yifei,Development
484427,Haldar,Kerryn,Development
484447,Rajaraman,Christophe,Development
484456,Kalsbeek,Emdad,Development
484458,Bahk,Xiaocheng,Development
484489,Wendorf,Gritta,Development
484499,Ramras,Sergi,Development
484504,Orlowski,Gou,Sales
484522,Paciorek,Denis,Sales
484561,Bridgland,Feiyu,Sales
484568,Bahr,Alexius,Sales
484572,Pettis,Mart,Development
484574,Thimonier,Gal,Sales
484583,Jording,Xiping,Sales
484597,Barriga,Alejandro,Development
484602,Akiyama,Kenroku,Development
484605,Lorho,Keung,Development
484619,Fargier,Fei,Sales
484621,Zockler,Mircea,Development
484637,Lund,Randi,Development
484663,Tetzlaff,Miyeon,Development
484694,Alvarado,Salvador,Development
484702,Plotkin,Sanjay,Development
484725,Merel,Martina,Development
484730,Solovay,Subhrajyoti,Development
484734,Keohane,Rafols,Development
484736,Stamatiou,Radhakrishnan,Sales
484748,Orlowska,Shridhar,Sales
484794,Comte,Uri,Development
484799,Roohalamini,Peternela,Development
484808,Bale,Siddarth,Development
484914,Crelier,Weijing,Development
484934,Aamodt,Magy,Development
484943,Iivonen,Danel,Sales
484946,Fritzsche,Narain,Development
484972,Barbanera,Naraig,Development
484981,Anger,Toshiko,Sales
484985,Gide,Fei,Development
484997,Oppitz,Ravishankar,Development
485000,Quaggetto,Conor,Sales
485001,Jiang,Perry,Development
485039,Zhang,Shugo,Development
485053,Benantar,Tokuyasu,Sales
485055,Zyda,Cullen,Development
485058,Curless,Jamaludin,Sales
485066,Rabehasaina,Subir,Development
485067,Waleschkowski,Leen,Development
485083,Huxford,Holgard,Sales
485090,Chinen,Hongzhu,Development
485130,Brlek,Eldridge,Development
485163,Rusmann,Zhensheng,Development
485170,Condotta,Kagan,Development
485176,Ellozy,Xudong,Development
485181,Salvesen,Berthier,Development
485189,Kemmerer,Sigeru,Development
485198,Vadhan,Snehasis,Development
485205,Taneja,Yefim,Sales
485214,Marquardt,Yurij,Development
485238,Gargeya,Heather,Development
485244,Bage,George,Sales
485271,Kushner,Luerbio,Sales
485330,Stavenow,Guttorm,Sales
485347,Bednarek,Howell,Development
485387,Wendorf,Hatim,Development
485390,Wixon,Honglan,Development
485418,Przulj,Marin,Development
485460,Karner,Przemyslawa,Development
485467,Peac,Rayond,Development
485471,Marchegay,Jaroslava,Development
485487,Roohalamini,Goetz,Sales
485500,Kroon,Kristian,Sales
485523,Rosaz,Poorav,Development
485544,Spell,Krassimir,Development
485547,Verspoor,Ayonca,Sales
485559,Gist,Premal,Sales
485568,Oskamp,Inderjeet,Sales
485584,Aingworth,Uzi,Development
485604,Tagansky,Shem,Sales
485625,Michaels,Huei,Sales
485696,Nitta,Susanne,Sales
485708,Tagansky,Steve,Sales
485712,Gien,Arch,Development
485729,Dayang,Demin,Sales
485742,Bernardinello,Mana,Development
485754,Randi,Perla,Sales
485769,Wroclawski,Kinh,Sales
485773,Denny,Shalesh,Sales
485777,Siepmann,Piyush,Sales
485786,Kobuchi,Masanao,Development
485798,Georgakopoulos,Barun,Sales
485803,Hasham,Manton,Development
485822,Koyama,Alenka,Sales
485844,Monkewich,Tsvetan,Sales
485846,Gecsel,Vishv,Development
485888,Esteva,Toshimi,Development
485894,Vecchi,Kersti,Sales
485932,Gilg,Chenye,Development
485948,Borstler,Idoia,Sales
485997,Parfitt,Filipe,Development
486012,Shanbhogue,Ramzi,Development
486041,Nitsch,Divine,Development
486083,Rosenbaum,Morrie,Sales
486140,Wiegley,Giap,Development
486143,Decaestecker,Fai,Development
486147,Lubachevsky,Nidapan,Development
486153,Gien,Zorica,Sales
486168,Roison,Suvo,Sales
486174,Sinitsyn,Mabo,Sales
486176,Babb,Rayond,Development
486198,Danner,Jaroslava,Sales
486202,Michaeli,Subbu,Development
486203,Gajiwala,JoAnna,Development
486207,Valtorta,Fumino,Sales
486225,Asser,Rosita,Sales
486246,Birch,Shaw,Sales
486249,Flexer,Claudi,Development
486253,Nicolson,Rosalie,Development
486259,Zhang,Branimir,Development
486284,Peternell,Venkatesan,Sales
486307,Ruemmler,Mart,Development
486315,Chorvat,Sadok,Sales
486316,Lortz,Lijie,Development
486345,Brodie,Marsal,Sales
486363,Ambroszkiewicz,Nechama,Development
486378,Leslie,Tuval,Development
486481,Gelosh,JoAnna,Development
486494,Vural,Gererd,Sales
486512,Casley,Sangeeta,Development
486516,Kitsuregawa,Shih,Sales
486518,Pashtan,Florian,Development
486531,Siepmann,Hatem,Development
486537,Orlowska,Mayuri,Sales
486549,Quadeer,Morris,Development
486553,Schiper,Toshiki,Sales
486561,Sommen,Jordanka,Sales
486562,Angelopoulos,Radoslaw,Sales
486568,Pappas,Kiam,Development
486583,Suri,LiMin,Sales
486620,Pluym,Torsten,Development
486631,Szmurlo,Elgin,Development
486639,Kolvik,Chirstian,Development
486651,Bennet,Tse,Development
486674,Luke,Adamantios,Development
486690,Bahk,Goh,Development
486703,Lorcy,Masasuke,Development
486720,Kumaresan,Gou,Development
486721,Litecky,Elvia,Development
486738,Dulay,Sasan,Development
486752,Scharstein,Toshimo,Sales
486753,Hitomi,Chinho,Sales
486754,Dymetman,Nevio,Sales
486765,Apsitis,Vojin,Development
486771,Mandell,Gift,Development
486775,Yetim,Lene,Development
486793,Keustermans,Tadahiro,Development
486809,Schmittgen,Oldrich,Sales
486820,Velardi,Basant,Development
486830,Unni,Marsal,Sales
486831,Quadeer,Ennio,Development
486836,Klerer,Remko,Sales
486867,Gladwell,Honglan,Sales
486888,Veeraraghavan,Florina,Sales
486925,Hatcliff,Saeed,Development
486931,Bernini,Peternela,Development
486952,Gimarc,Gen,Development
486963,Senzako,Stamatina,Development
486965,Gornas,Heather,Development
486969,Picci,Vishwani,Development
486974,Fontan,Hironobu,Development
486977,Baik,Jaideep,Development
487005,Carrere,Atilio,Development
487014,Schiper,Amstein,Development
487058,Brender,Fay,Development
487071,Klyachko,Khoa,Sales
487075,Alvarado,Nevio,Development
487108,Brendel,Souichi,Development
487152,Stamatiou,Radhia,Sales
487182,Kalefeld,Pantung,Development
487220,Hiraishi,Douadi,Development
487231,Wendorf,Eishiro,Development
487258,Kroll,Larisa,Sales
487259,Klerer,Akeno,Development
487260,Nyrup,Katsuo,Sales
487263,Leaver,Zhonghua,Sales
487280,Hitomi,Adib,Development
487282,Beeson,Masoud,Development
487285,Minakawa,Augustine,Development
487286,Copas,Insup,Sales
487331,Waymire,Shounak,Development
487358,Katalagarianos,Godehard,Sales
487359,Horswill,Tesuya,Development
487372,Rosay,Arvind,Sales
487373,Huxford,Ingmar,Development
487374,Swiss,Jayesh,Sales
487386,Ramaiah,Byong,Sales
487393,Hebert,Keung,Sales
487397,Farrag,Mara,Development
487405,Krychniak,Ioana,Development
487436,Holburn,Paraskevi,Development
487444,Uehara,Aran,Development
487478,Weisert,Nahid,Development
487495,Shobatake,Dekang,Development
487496,Zaccaria,Masamitsu,Development
487503,Maraist,Bernardo,Development
487508,Roohalamini,Arfst,Development
487522,Kemmerer,Marlo,Development
487525,Buescher,Irena,Sales
487538,Douceur,Tomokazu,Sales
487543,Menhoudj,Xiping,Sales
487577,Bottner,Nidapan,Development
487579,Maksimenko,Zhongwei,Sales
487580,Gerteisen,Guiseppe,Development
487611,Sethi,Vasilis,Development
487617,Hainaut,Berni,Development
487633,Zweizig,Foong,Development
487649,Kornatzky,Toney,Development
487663,Brizzi,Jeane,Development
487677,Kilgour,Danny,Development
487688,Rathonyi,Candida,Development
487697,Marciano,Conrado,Sales
487703,Sewelson,Khedija,Development
487709,Vasanthakumar,Sanjai,Development
487718,Legleitner,Shirish,Development
487743,Kavvadias,Chanjung,Sales
487745,Uhrig,George,Development
487754,England,Genta,Development
487758,Wendorf,Sandeepan,Development
487789,Bellone,Val,Development
487792,Suessmith,Nevio,Development
487796,Bashian,Gunilla,Sales
487801,Ferriere,Panayotis,Development
487815,Pollacia,Khalil,Development
487825,Kropatsch,Hilari,Development
487849,Perna,Sanjiv,Development
487871,Panwar,Mantis,Sales
487884,Kawashima,Yuichiro,Development
487904,Ciolek,Gererd,Development
487977,Gopalakrishnan,Yefim,Sales
488018,Zweizig,Adamantios,Sales
488068,Sabnani,Abdelghani,Sales
488104,Furedi,Wonhee,Development
488114,DuBourdieux,Krister,Development
488121,Schneeberger,Urs,Development
488141,Hambrick,Kristen,Development
488145,Kavanagh,Phule,Development
488149,Krichel,Shawna,Development
488168,Kenevan,Adil,Development
488180,Arlazarov,Kwangyoen,Development
488189,Serra,Tianruo,Development
488191,Stassinopoulos,Sanjay,Development
488194,Lortz,Oksana,Development
488209,Gulla,Shuho,Development
488222,Kleiser,Taisook,Sales
488255,Passafiume,Leif,Development
488263,Lamparter,Cristinel,Development
488271,Rahier,Aimee,Development
488275,Woycyznski,Ulises,Sales
488279,Rohrbach,Danny,Sales
488301,Matzen,Shuzo,Development
488335,Giaccio,Atreye,Development
488360,Fioravanti,Roselyn,Sales
488380,Woycyznski,Navin,Development
488400,Gulla,Claudi,Sales
488403,Klerer,Arra,Sales
488436,Azuma,Bernardo,Development
488456,Vesna,Eran,Sales
488460,Borstler,Shay,Development
488500,Rabehasaina,Berto,Development
488515,Merkl,Seshu,Development
488523,Genin,Kamran,Development
488525,Zolotykh,Leen,Sales
488545,Condotta,Shigeo,Development
488593,Katalagarianos,Venkatesan,Development
488627,Barvinok,Sven,Development
488630,Muhling,Heejo,Sales
488631,Noriega,Marsha,Sales
488661,Verhaegen,Marlo,Development
488667,Basagni,Mayumi,Development
488674,Ressouche,Uri,Sales
488682,Badache,Ugo,Development
488691,Bolsens,Debatosh,Development
488741,Lunt,Atreyi,Sales
488756,Luke,Adit,Development
488761,Onuegbe,Rajmohan,Development
488776,Schmiedel,Jiann,Development
488778,Mitina,Shaz,Sales
488794,Serdy,Bodo,Sales
488800,Schieder,Foong,Sales
488813,Gelosh,Elliott,Sales
488857,Garrabrants,Arto,Sales
488877,Baca,Magy,Sales
488882,Khalil,Kwangsub,Development
488928,Bazelow,Adel,Sales
488969,Benzmuller,Remko,Sales
488988,Puppe,Izaskun,Sales
489040,Lueh,Xiping,Development
489050,Pramanik,Jeanna,Development
489060,Sevcikova,Kazuhito,Development
489063,Penn,Jianhui,Sales
489113,Kriebel,Woody,Sales
489117,Gustavson,Constantijn,Development
489126,Macedo,Anestis,Development
489128,Gluchowski,Nishit,Sales
489130,Ligten,Guadalupe,Development
489211,Kilgore,Demos,Development
489215,Ritcey,Conrado,Development
489260,Huxford,Constantine,Sales
489267,Vadhan,Alper,Development
489269,Fontan,Gully,Development
489270,Yoshizawa,Yonghoan,Development
489318,Stellhorn,Uta,Development
489321,Curless,Greger,Sales
489323,Peres,Kazuhiko,Development
489335,Nivat,Suebskul,Development
489337,Velasco,Filipe,Development
489341,Schmezko,Bernd,Development
489349,Schapire,Foong,Sales
489381,VanScheik,Elzbieta,Development
489405,Heuter,Sarita,Sales
489410,Ratnakar,Falguni,Sales
489440,Jonsson,Conor,Sales
489452,Sethi,Hercules,Sales
489464,Chepyzhov,Marsha,Development
489470,Hambrick,Duro,Sales
489471,Jeong,Val,Development
489484,Furedi,Qingxiang,Development
489504,Kriebel,Apostol,Sales
489515,Poupard,Taiji,Development
489516,Erbe,Jayesh,Development
489536,Parveen,Rosalyn,Development
489560,Vesel,Soenke,Development
489585,Callaway,Janalee,Sales
489624,Malabarba,Odoardo,Sales
489669,Businaro,Danny,Development
489692,Farrar,Amabile,Development
489730,McAffer,Niranjan,Development
489751,Feldmann,Masali,Development
489758,Hempstead,Marin,Development
489762,Benzmuller,Huei,Development
489782,Schnabel,Jiong,Development
489823,Bugrara,Xiaoheng,Development
489835,Fortenbacher,Chinho,Development
489860,Verhoeff,Paloma,Sales
489862,Kornatzky,Franziska,Development
489863,Murthy,Duangkaew,Sales
489880,Pearson,Nevio,Sales
489885,Guting,Heng,Development
489893,Niizuma,Yuriy,Development
489901,Schaad,Guther,Sales
489953,Collavizza,Valeska,Development
489985,Mandelberg,Atreye,Development
489986,Impagliazzo,Remco,Sales
489988,Henders,Girolamo,Sales
489993,Pena,Satyanarayana,Development
490003,Escriba,Owen,Sales
490007,Pettey,Basim,Development
490037,Varman,Jagoda,Sales
490041,Heuter,Manohar,Development
490044,Ginneken,Huiqun,Sales
490071,Comte,Claudi,Development
490102,Gulik,Oguz,Development
490104,Lowrie,Adhemar,Sales
490109,Serre,Kitty,Development
490140,Pramanik,Dmitri,Development
490149,Zhang,Uli,Development
490155,Tchuente,Kenroku,Development
490181,Chelton,Thodoros,Development
490195,Schurmann,Takanari,Development
490204,Waymire,Abdelaziz,Sales
490214,Thimonier,Guttorm,Development
490215,Bennis,Dannz,Sales
490226,Syang,Kristinn,Sales
490242,Jeansoulin,Padma,Sales
490250,Baez,Elvis,Sales
490251,Zweizig,Youssef,Sales
490276,Hutton,Gudjon,Development
490279,Bach,Uma,Development
490310,Camarinopoulos,Monique,Development
490355,Bennis,Keung,Development
490368,Debuse,Satosi,Development
490397,Heuter,Sorina,Sales
490398,Ozeri,Valeska,Development
490400,Dayana,Zhiguo,Development
490406,Rubsam,Zhongwei,Sales
490410,Uehara,Teunis,Development
490420,Heuser,Lansing,Development
490438,Azadmanesh,Kamran,Development
490447,Alvarado,Demin,Sales
490453,Baik,Eckart,Development
490468,Vidal,Fayez,Sales
490522,Rossi,Masasuke,Sales
490525,Fasbender,Evgueni,Sales
490552,Backhouse,Emran,Development
490572,Rullman,Changho,Development
490579,Guerreiro,Martien,Sales
490581,Ghemri,Greger,Sales
490594,Bugaenko,Gadiel,Development
490614,Norsworthy,Siddarth,Sales
490616,Stifter,Taiji,Sales
490619,Orsini,Flemming,Development
490630,Lenart,Sadok,Sales
490640,Puoti,JoAnna,Sales
490653,Zwicker,Patricio,Development
490660,Haddadi,Ramzi,Sales
490668,Scharstein,Margareta,Development
490677,Menhoudj,Make,Development
490696,Grabner,Tomokazu,Development
490702,Msuda,Akhilish,Sales
490713,Strandh,Reuven,Sales
490722,Prochazka,Sumant,Sales
490730,Chimia,Francesca,Sales
490740,Haraldson,Remko,Development
490770,Schiper,Xuejia,Development
490821,Rissanen,Nitsan,Development
490827,Vitiello,Hyuncheol,Sales
490851,Plotkin,Sanjoy,Development
490875,Peyn,Kwun,Sales
490930,Godskesen,Tua,Sales
490966,Limongiello,Godehard,Development
490979,Heping,Shir,Development
490982,Feinberg,Mountaz,Sales
491008,Koblick,Kristian,Development
491024,Pietracaprina,Lubomir,Development
491025,Kroon,Garnik,Sales
491028,Kaltofen,Deniz,Sales
491053,Armand,Martins,Development
491070,Argence,Dmitry,Development
491074,Baar,Kien,Sales
491092,Sudbeck,Moon,Development
491099,Iacovou,Jovan,Sales
491117,Liedekerke,Makato,Sales
491130,Speek,Sven,Sales
491135,Morton,Changho,Development
491146,Lakshmanan,Kwee,Sales
491165,Zizka,Subhrajyoti,Development
491207,Karnin,Kauko,Development
491213,Angot,Shaowei,Sales
491217,Makinen,Ottavia,Development
491219,Gide,Henk,Development
491222,Kemmerer,Narain,Development
491238,Soicher,Luise,Development
491251,Nishimukai,Maria,Development
491253,Pfau,Duro,Development
491269,Egerstedt,Jixiang,Sales
491278,Vesna,Chanjung,Development
491282,Thorensen,Khun,Development
491287,Bodoff,Marin,Sales
491304,Lamba,Felicidad,Sales
491305,Ebeling,Kinh,Development
491325,Ruemmler,Herbert,Development
491326,Welham,Munehiko,Sales
491329,Chepyzhov,Tianruo,Development
491379,Ferretti,Adas,Development
491382,Heping,Taegyun,Development
491415,Nations,Sanjoy,Sales
491420,Diderrich,Hauke,Sales
491426,Roccetti,Ravishankar,Sales
491433,Bodoff,Remzi,Sales
491436,Vecchi,Taisook,Development
491459,Gewali,Jiann,Sales
491465,Karner,Ramzi,Sales
491466,Rettelbach,Reinhold,Sales
491475,Kitsuregawa,Chiradeep,Sales
491533,Schlegelmilch,Kiam,Development
491547,Matzat,Krassimir,Development
491555,Tibblin,Vasiliy,Development
491558,Luan,Chriss,Development
491562,Denis,Ewing,Sales
491569,Hemaspaandra,Lidong,Sales
491594,Trachtenberg,Sumant,Development
491601,Lampe,Bader,Sales
491612,Horswill,Kien,Sales
491636,Esposito,Janche,Development
491719,Collette,Steen,Sales
491733,Swick,Arie,Development
491734,Gecsei,Gil,Development
491754,Rouquie,Kiyokazu,Sales
491799,Peck,Zorica,Sales
491816,Krider,Yongdong,Development
491851,Braccini,Jaihie,Sales
491892,Gruenwald,Arfst,Sales
491904,Staelin,Sachem,Development
491943,Lovengreen,Moon,Development
491950,Goldhammer,Rosine,Sales
491958,Lorin,Basim,Sales
491977,Scharstein,Jinya,Development
491987,Foong,Francoise,Sales
492013,Bugrara,Muzhong,Sales
492018,Gire,Tsz,Development
492058,Menyhert,Jaques,Sales
492067,Eppinger,Zito,Development
492107,Kitsuregawa,Mart,Development
492152,Siprelle,Lubomir,Development
492170,Ushiama,Sakthirel,Sales
492181,Turnbull,Lech,Development
492204,Ulupinar,Vitaly,Development
492236,Delgrande,Xiaocheng,Sales
492278,Delgrange,Chinhyun,Sales
492297,Ciolek,Niteen,Development
492303,Reistad,Fun,Sales
492313,Orsini,Eirik,Development
492323,Stanfel,Houman,Sales
492327,Denna,Claude,Development
492335,Thorensen,Khedija,Development
492337,Junet,Greger,Sales
492341,Menhardt,Odysseas,Sales
492361,Jansen,Bangqing,Sales
492376,Pagter,Fuqing,Development
492377,Pollacia,Jianhua,Sales
492383,Gadepally,Mari,Development
492431,Verhaegen,Hsiangchu,Sales
492442,Speek,Divine,Development
492468,Fargier,JoAnna,Development
492472,Peyn,Youngkon,Development
492479,Salinas,Otilia,Sales
492493,Maliniak,Yucai,Development
492533,Busillo,Xiaoheng,Sales
492561,Wielonsky,Mantis,Development
492576,Birge,Akeno,Development
492587,Salverda,Kirk,Development
492612,Matzke,Guangming,Sales
492614,Frolund,Xiaoshan,Sales
492615,Assaf,Navid,Development
492633,Malinowski,Taiji,Sales
492638,Chinin,Shaowen,Development
492641,Azulay,Mori,Sales
492647,Madeira,Leen,Sales
492671,Docker,Zengping,Sales
492678,Pettis,Kazuyasu,Sales
492694,Weedman,Boutros,Development
492700,Yemenis,Morrie,Sales
492711,Marshall,Zita,Sales
492731,Valiente,Valery,Development
492799,Ramsak,LiMin,Sales
492829,Schwartzburd,Chaitali,Development
492831,Liesche,Yonghong,Sales
492835,Khalil,Khaled,Sales
492850,Gill,Yefim,Development
492868,Trumbly,Abdelkader,Sales
492875,Milicia,Sasan,Development
492883,Fontet,Kwangho,Development
492912,Braunmuhl,Noritoshi,Development
492938,Spieker,Kazuhide,Development
492950,Wilfing,Theron,Sales
492989,Byoun,Marjo,Development
493008,Lanphier,Yagil,Sales
493012,Georgatos,Satyanarayana,Sales
493026,Swen,Jiang,Development
493037,Schwaller,Elrique,Sales
493057,Monarch,Lijia,Development
493068,Malinowski,Navid,Development
493084,Rodite,Tua,Development
493116,Heping,Pintsang,Development
493117,Ullian,Moie,Development
493147,Chelton,Shaz,Development
493150,Zockler,Toshiki,Development
493163,Shrader,Eirik,Development
493181,Belinskaya,Kwangjo,Sales
493182,Staelin,Tze,Development
493191,Rusterholz,Margareta,Development
493199,Gist,Gila,Development
493211,McDermid,Rosalyn,Development
493230,Picel,Branimir,Development
493262,Fiebach,Pintsang,Sales
493276,Zirintsis,Keiichiro,Development
493285,Syrzycki,Gennady,Sales
493286,Riesenhuber,Maha,Development
493297,Kusalik,Roddy,Sales
493352,Sigstam,Thodoros,Development
493353,Sadowsky,Hiroyasu,Development
493368,Orsini,Siddarth,Development
493375,Slobodova,Juichirou,Development
493378,Flexer,Demos,Sales
493383,Llado,Marjo,Development
493407,Gargeya,Tua,Development
493448,Swist,Alper,Development
493453,Waleschkowski,Fai,Development
493464,Tsunoo,Bader,Sales
493509,Rande,Zito,Development
493515,Bade,Volkmar,Development
493556,Yurek,Roddy,Development
493557,Renear,Froduald,Sales
493569,Salvesen,Mikhail,Sales
493576,Prochazka,Margareta,Sales
493581,Nooteboom,Shaibal,Development
493594,Barvinok,Jayesh,Development
493606,Bratten,Heon,Development
493610,Pena,Barry,Development
493642,Baig,Sanjai,Sales
493671,Chiola,Mikhail,Sales
493681,Mersereau,Baocai,Development
493720,Sridhar,Juyoung,Sales
493721,Zielinski,Serif,Development
493725,Jeansoulin,Anneke,Sales
493747,Ibel,Wayne,Sales
493758,Biron,Miomir,Development
493761,Arlazarov,Giap,Sales
493800,Zallocco,Constantine,Sales
493805,Yeung,Shim,Development
493808,Mukaidono,Constantijn,Development
493811,Asser,Maja,Development
493812,Brizzi,Bernardo,Sales
493822,Chappelet,Yechezkel,Development
493854,Melski,Qunsheng,Development
493857,Ecklund,Alagu,Sales
493862,Radivojevic,Weiye,Sales
493893,Ashish,Almudena,Development
493903,Kornyak,Takahiro,Sales
493910,Swick,Marl,Development
493916,Jayawardene,Kristen,Development
493949,Terlouw,Zhenhua,Sales
494035,Kabayashi,Shen,Development
494044,Glinert,Angel,Sales
494099,Irland,Waiman,Sales
494105,Himler,Mabhin,Sales
494128,Chiodo,Brewster,Sales
494136,Edelhoff,Florian,Sales
494149,Hoppenstand,Gully,Development
494155,Schwabacher,Byong,Sales
494156,McFarlan,Pohua,Development
494166,Khalid,Marit,Development
494219,Papsdorf,Ekawit,Development
494222,Perfilyeva,Masali,Development
494240,Bruckman,Tommaso,Development
494242,Vesel,Jinpo,Development
494273,Rotem,Shahab,Sales
494282,Kawashima,Karlis,Sales
494300,Oberman,Zeljko,Sales
494316,Merlo,Dekang,Sales
494327,Nitto,Lillian,Development
494375,Shackell,Kwun,Development
494400,Schicker,Yongqiao,Sales
494421,Liedekerke,Tesuro,Development
494423,Guenter,Izaskun,Sales
494425,Heping,Mong,Sales
494428,Selvestrel,Manton,Sales
494460,Jervis,Horward,Sales
494473,Suri,Aamod,Development
494479,Thibadeau,Anoosh,Development
494483,Cannard,Lech,Development
494524,Jonsson,Toshiko,Development
494574,Renear,Gudjon,Development
494575,Bresenham,Kamran,Development
494583,Stenning,Lalit,Development
494585,Erie,Tomokazu,Development
494586,Bala,Youngkon,Development
494609,Rousseau,Basim,Development
494610,Mandelberg,Arie,Development
494615,Huhdanpaa,Qiwen,Development
494619,Beutelspacher,Chrisa,Development
494644,Langford,Steen,Development
494662,Wroclawski,Koldo,Development
494722,Bhattacharjee,Joydip,Sales
494736,Picht,Mototsugu,Development
494761,Ramaiah,Eldridge,Development
494787,Reinhart,Godehard,Development
494798,Openshaw,Amabile,Development
494835,Compeau,Yongqiao,Sales
494857,Morrey,Steve,Development
494867,Chenney,Kellie,Development
494881,Peres,Zhongwei,Development
494885,Eterovic,Demin,Sales
494899,Orlowski,Magy,Development
494909,Liedekerke,Genta,Sales
494923,Pardalos,Gudjon,Development
494927,Rosay,Wojceich,Development
494951,Waleschkowski,Emran,Sales
494958,Redmiles,Candido,Sales
494961,Denna,Xumin,Development
494969,Ullian,Mabry,Development
495007,Borovoy,Moni,Development
495014,Murtagh,Shaz,Development
495015,Sudbeck,Ghassan,Development
495020,Miculan,Gregory,Development
495033,Halloran,Gal,Sales
495052,Matheson,Mihalis,Development
495053,Hatcliff,Yongdong,Sales
495054,Einsfeld,Yurii,Development
495056,Zwicker,Hitomi,Development
495059,Quaggetto,Barna,Development
495061,Zirintsis,Wojceich,Sales
495073,Fontan,Toshimori,Sales
495109,Pfau,Katsuo,Development
495111,Stavenow,Yannik,Development
495112,Lorch,Shigeaki,Development
495117,Masamoto,Hironobu,Development
495136,Sherertz,Barna,Sales
495144,Vidya,Katsuo,Sales
495164,Krupka,Nahid,Development
495183,Heping,Dhritiman,Development
495206,Puoti,Uri,Development
495216,Uhrik,Jiafu,Development
495228,Selvestrel,Ramya,Sales
495248,Weisert,Baocai,Sales
495249,Joslin,Maren,Development
495256,Krogh,Zorica,Development
495277,Dalphin,Shaunak,Development
495287,Fontet,Babette,Sales
495294,Desikan,Zhigen,Development
495317,Jiang,Maia,Development
495318,Kornatzky,Reinhard,Sales
495319,Kisuki,Toong,Development
495367,Parveen,Arnould,Development
495382,Rattan,Radhia,Development
495394,Impagliazzo,Goh,Development
495415,Lammel,Tadanori,Sales
495426,Pellegrinelli,Leon,Sales
495437,Bazzichi,Shahar,Development
495459,Genin,Leen,Sales
495470,Erev,Elgin,Development
495487,Kuhnemann,Perla,Development
495502,Pearson,Hauke,Development
495509,Chaudhuri,Zijian,Development
495518,Magalhaes,Khosrow,Development
495523,Standera,Kristen,Development
495540,Nitto,Shawna,Development
495543,Cangellaris,Lorien,Sales
495552,Mandell,Shrikanth,Development
495595,Herber,Hideo,Sales
495599,Delgrande,Muzhong,Development
495605,Imataki,Nobuyoshi,Sales
495607,Ghelli,Lunjin,Development
495615,Rosis,Tetsushi,Sales
495622,Huttel,Teruyuki,Development
495642,Muchinsky,Perry,Development
495650,Colorni,Vishwani,Development
495666,Kowalchuk,Angus,Development
495681,Georgakopoulos,Leucio,Development
495697,Ramamoorthy,Mona,Sales
495711,Muchinsky,Kiyomitsu,Development
495716,dAstous,Nathalie,Sales
495718,Vitiello,Xianlong,Development
495750,Attimonelli,Naftali,Development
495755,Erni,Jiang,Sales
495776,Swiss,Lijia,Development
495780,Murillo,Elzbieta,Development
495823,Pettit,Yishay,Sales
495836,Sommer,Tetsushi,Development
495841,Jansch,Ashish,Development
495844,Impagliazzo,Fumiko,Sales
495869,Pluym,Shai,Sales
495873,Crabtree,Jackson,Development
495874,Chenney,Youngkon,Sales
495884,Kragelund,Moto,Sales
495895,Heemskerk,Yuichiro,Development
495896,Hemaspaandra,Udaiprakash,Sales
495918,Krychniak,Munehiko,Development
495925,Bage,Guttorm,Development
495978,Cappello,Khedija,Development
495995,Muchinsky,Marjo,Development
496012,Swan,Takushi,Development
496019,Roisin,Teruyuki,Development
496032,Tischendorf,Trygve,Sales
496039,Bellone,Masamitsu,Sales
496042,Portugali,Sanjeeva,Development
496045,Baik,Marco,Development
496077,Albarhamtoshy,Anyuan,Sales
496078,Kabayashi,Chuanyi,Development
496097,Deverell,Zdislav,Development
496107,Shobatake,Vitaly,Development
496143,Driscoll,Somnath,Development
496150,Marrakchi,Dmitry,Sales
496174,Staudhammer,Mary,Sales
496180,Siepmann,Alassane,Development
496192,Weedman,Qunsheng,Development
496195,Thibadeau,IEEE,Development
496246,Chimia,Arne,Development
496252,Weedman,Marc,Sales
496265,Emden,Aran,Sales
496288,Gecsel,Chriss,Development
496304,Kruskal,Phuoc,Development
496326,Angelopoulos,Xuejun,Sales
496337,Socorro,Toshimori,Development
496341,Rosay,Oddvar,Sales
496394,Schrooten,Sergi,Development
496400,Eiter,Naftaly,Sales
496451,Glowinski,Aleksander,Sales
496472,Carrere,Gilbert,Sales
496480,Farrow,Wilmer,Development
496484,Attimonelli,Vugranam,Development
496523,Ranze,Idoia,Development
496533,Peek,Sariel,Development
496558,Niizuma,Yahiko,Sales
496579,Bernardeschi,Rayond,Sales
496583,Shinomoto,Toshiki,Sales
496620,Swab,Hidde,Development
496623,Honglei,Peer,Sales
496641,Meriste,Rayond,Development
496647,Tchuente,Branimir,Development
496662,Oskamp,Malu,Development
496668,Hockney,Sakthirel,Sales
496741,Verhaegen,Naftaly,Development
496773,Baak,Shaunak,Sales
496778,Ghazalie,Zijian,Sales
496781,Peris,Ronnie,Sales
496829,DeMori,Shaleah,Sales
496832,Wixon,Fen,Development
496834,Heping,Gully,Development
496836,Fairtlough,Khoa,Development
496847,Merle,Vivian,Development
496868,Klyachko,Fun,Sales
496870,Kakkar,Shuho,Sales
496882,Vural,Abdelghani,Sales
496892,Holburn,Moss,Development
496898,Poehlman,Ortrud,Development
496928,Ohori,Chikara,Development
496935,Kuzuoka,Shooichi,Development
496944,Fortenbacher,Denis,Development
497003,Compeau,Nagui,Sales
497023,Nooteboom,Jamaludin,Sales
497081,Ginneken,Zhanqiu,Development
497088,Picco,Alassane,Sales
497100,Miara,Martial,Sales
497113,Orlowski,Edwin,Sales
497125,Veevers,Rayond,Development
497151,Litzkow,Lijia,Sales
497160,Thiran,Heon,Sales
497183,Stassinopoulos,Qingxiang,Development
497188,Pokrovskii,Douadi,Development
497235,Molenkamp,Dzung,Sales
497239,Dymetman,Sivanarayana,Development
497245,Engelmann,Lech,Development
497261,Pillow,Mohammad,Development
497274,Serre,Jixiang,Development
497307,Collette,Takahiro,Sales
497331,Snyers,Toshimori,Development
497360,Homond,Radhika,Development
497396,Taubman,Susanna,Development
497404,Coorg,Shigeaki,Development
497412,Kamble,Kankanahalli,Sales
497431,Ruemmler,Mabo,Development
497448,Suwa,Karsten,Sales
497460,Jakobus,Mani,Development
497464,Billingsley,Karoline,Development
497487,Schaar,Kazuhira,Development
497492,Validov,Junichi,Development
497526,Vigier,Arup,Development
497538,Kuhnemann,Zhiwei,Sales
497555,Eiter,Zdislav,Development
497565,Basart,Dinah,Development
497578,Eterovic,Vasilis,Sales
497589,Mattern,Duri,Development
497628,Gecseg,Mari,Development
497638,Chachaty,Kinh,Sales
497653,Leaver,Changho,Sales
497664,Picaronny,Kwangho,Development
497693,Ciolek,Tsutomu,Sales
497700,Rattan,Weiyi,Development
497735,Percebois,Serenella,Sales
497751,Verhoeff,Kiyotoshi,Development
497771,Unno,Vugranam,Development
497800,Zambonelli,Nishit,Sales
497805,Biros,Mariusz,Development
497811,Vickson,Sajjad,Sales
497828,Servi,Lillian,Development
497829,Carrera,Shaleah,Development
497844,Teitelbaum,Amabile,Development
497845,Ramaiah,Nirmal,Sales
497876,Kavanagh,Moni,Sales
497905,Leaver,Isaac,Development
497912,Streng,Dinah,Development
497925,Gonthier,Basim,Sales
497968,Androutsos,Tesuro,Development
497972,Winter,Zijian,Development
497984,Schrooten,Chinhyun,Development
498024,Escriba,DAIDA,Development
498031,Shackel,Mircea,Development
498082,Czaja,Breannda,Development
498090,Fujisawa,Marc,Development
498104,Rosca,Aamer,Sales
498137,Etalle,Christfried,Development
498150,Pellegrinelli,Yakkov,Sales
498165,Stavenow,Christoph,Sales
498168,Stroustrup,Doohun,Sales
498183,Daescu,Sreekrishna,Development
498203,Guardalben,Visit,Development
498211,Serra,Jasminko,Development
498214,Cronin,Toshimori,Development
498219,Schade,Christophe,Sales
498231,Keirsey,Randy,Development
498240,Falster,Cheong,Development
498248,Suwa,Munir,Sales
498265,Ranai,Kirk,Development
498281,Basawa,Tomokazu,Development
498289,Schmezko,Spyrose,Development
498314,Liesche,Zita,Development
498341,Heping,Masali,Development
498356,Baba,Patricia,Sales
498360,Fioravanti,Tomokazu,Development
498362,Benzmuller,Pintsang,Development
498378,Haddadi,Gad,Development
498389,Bennis,Minghong,Development
498391,Lagarias,Kristina,Sales
498397,Jiang,Khue,Development
498450,Gammage,Abdulah,Development
498454,Kawashima,Sushant,Sales
498477,Merro,Conrado,Development
498478,Feldmann,Kwee,Sales
498494,Orlowska,Mack,Development
498499,Coorg,Gal,Development
498517,Hanabata,Joydip,Development
498561,Shanbhogue,Dines,Development
498607,Zuberek,Zhiguo,Sales
498613,Hofmeyr,Adas,Sales
498617,Billawala,Udi,Development
498619,Setlzner,Prodip,Development
498628,Dulay,Wanqing,Sales
498664,Vural,Serge,Development
498670,Menyhert,Aram,Sales
498680,Vadhan,Jaewon,Development
498684,Argence,Olivera,Development
498696,Zockler,Macha,Sales
498719,Zockler,Cordelia,Development
498723,Vernadat,Wojceich,Development
498729,Servieres,Eberhardt,Sales
498736,Hofman,Yuping,Sales
498763,Akazan,Radhakrishnan,Development
498766,Zschoche,Kousuke,Development
498769,Parascandalo,Nadjib,Development
498814,Gecsei,Alagu,Sales
498837,Solovay,Sverrir,Development
498847,Kavanagh,Elvia,Development
498854,Ventosa,Vishv,Development
498862,Ranum,Zissis,Sales
498888,Jervis,Bodh,Development
498906,Bugrara,Abdulla,Development
498923,Itzigehl,Shuky,Sales
498939,Chappelet,Sushant,Development
498959,Badache,Chenye,Development
499035,Neiman,Lene,Sales
499070,Cannard,Dung,Development
499080,Marciano,Dharmaraja,Development
499091,Kohling,Elvis,Development
499130,Bultermann,Hitomi,Development
499134,Rosch,Xinan,Development
499166,Gini,Kiyomitsu,Sales
499168,Peltason,Muneo,Development
499177,Peres,Masadi,Development
499197,Rajaraman,Akemi,Development
499206,Kohling,Dmitry,Sales
499213,Eugenio,Badri,Sales
499229,Stille,Babette,Development
499230,Beutelspacher,Pranav,Development
499231,Hofmeyr,Padma,Sales
499238,Wallrath,Jordanka,Development
499239,Rouquie,Kish,Development
499275,Zlotek,Shridhar,Sales
499292,Schiettecatte,Sarita,Sales
499307,Ramras,Paddy,Development
499312,Sankaranarayanan,Patricio,Development
499318,Ozeki,Hideyuki,Sales
499337,Antonisse,Werner,Sales
499347,Schwartzbauer,Ugo,Sales
499379,Rikino,Denny,Sales
499410,Benzaken,Sailaja,Development
499420,Impagliazzo,Sangeeta,Sales
499438,Kalsbeek,Tse,Development
499444,Hofting,Radoslaw,Sales
499456,Melski,Stamatina,Development
499486,Dayana,Sumali,Development
499496,Oskamp,Demin,Development
499503,Karner,Arra,Development
499516,Kampfer,Goncalo,Development
499519,Monarch,Tamiya,Development
499523,Menyhert,Anyuan,Development
499539,Puoti,Palash,Development
499548,Bale,Aloys,Development
499563,Markovitch,Martine,Development
499566,Deverell,Djelloul,Development
499575,Kisuki,Jacqueline,Sales
499580,Perri,Karsten,Development
499588,Sidje,Maya,Development
499608,Genin,Reuven,Development
499641,Nannarelli,Mart,Sales
499643,Skafidas,JiYoung,Development
499660,Schade,Valery,Sales
499671,Ambroszkiewicz,Jayesh,Sales
499681,Heemskerk,Kazuhito,Sales
499688,Perin,Bingning,Sales
499689,Sommer,Kinh,Sales
499720,Strandh,Mats,Development
499782,Trystram,Udo,Development
499797,Hutter,Wayne,Development
499808,Deyuan,Paris,Sales
499816,Murtagh,Debatosh,Development
499817,Pusterhofer,Lihong,Sales
499874,Range,Dharmaraja,Development
499920,Murtagh,Christ,Sales
499927,Heemskerk,Manohar,Development
499937,Litzler,Pantung,Development
499966,Crabtree,Mihalis,Sales
499986,Ranta,Nathan,Sales
